0110110 0011011 0100000 0000011 1000010 1001111 0100101 1010011 1011000 0011000 0001011 0110100 1100010 0110100 0001011 1110101 0110100 0110100 0111111 1101100 1100001 1100001 0100111 1100001 1010000 
1010010 1001001 0110111 1101000 1010100 1111010 1111001 1100101 1011000 0001100 0010100 0011000 0110111 1110101 0111000 0010100 1101111 1110011 1110011 1110011 1010010 0100111 1100001 1100001 0111100 
0100001 1000011 0000101 0001100 0110010 1000010 0100111 0100111 1111001 0010100 1001100 1101010 1101010 0000101 1011000 0000010 0000101 0110100 0100111 0100111 0010101 1100001 1100001 1010000 1011001 
1010010 1011010 1010011 0010011 1111010 0100001 1001111 0111111 0000011 1001100 0001011 0001100 0000101 0000101 0100111 0100111 0100001 1100010 1111100 1100001 0010101 1100001 1001111 0100110 0011110 
1010010 1010011 0111101 0010011 0100000 1101000 1000010 0110010 0100011 1110000 0110100 1011000 0110100 0100001 1100100 1100001 1011000 1011000 1111100 1100001 0010101 1010000 1000001 1000000 1010111 
1010100 1100101 0000010 0111000 1111100 1111001 1001000 0000010 1000001 1101101 0000101 0000011 1110001 1011010 1100001 1100001 0100111 1100001 0111111 1100001 0010101 0100011 1011100 0101110 1010111 
0011000 0100001 0000011 0000100 1001111 0110111 1000011 1110000 0110100 0111100 0000010 1100110 0111100 1111100 0111111 0111111 0100101 0111111 1110100 1010000 0101100 1010110 0101000 0101110 1000000 
1010100 0111001 1110101 0110011 1001000 1101000 1000011 1101111 0010111 1000011 0100111 0111101 1100010 1011000 0001111 1110100 1110100 1101100 0010001 0101010 0101001 0100110 0011111 0100110 1010110 
1001011 0110111 1001011 1000001 0011000 0001100 1100000 1101011 1101101 0100001 0000011 0000001 0010011 1111100 1101100 1101100 0011001 0010001 0100011 0011110 0110011 0111010 0011111 1110110 1010110 
1001010 1000010 1010011 0010000 1110111 1111001 1000111 0101101 0000010 1011010 0110101 1011000 0000011 1100100 0100100 0001111 0100100 1110001 0000110 1010110 0110001 0100010 0100010 0110001 0110011 
1001100 1110101 0000010 0110111 0101111 1000101 0000111 0111010 0000010 1001000 0000010 1001110 0010111 1001110 1001001 1001110 0000010 1011001 0110001 0101000 1011111 0101101 0010000 1111000 0110011 
1000000 0101010 1000000 0010111 0101111 0011010 0010000 1111101 1100000 1001000 1000100 0101010 1100000 1110101 0001100 0001100 1000000 1000100 0110000 1010110 0110011 1111110 0001010 1011111 0000000 
1000110 0101011 1111000 1111101 1100111 1001000 0101111 1101011 1011001 0011110 1101001 0101010 1010100 1100000 1100010 1110000 1111101 1111000 0000100 0010100 0101011 0101001 1010110 1010111 1001100 
0001000 0111110 0111011 0101101 1011111 0110000 1101001 1101011 0011110 0001100 0001100 0000101 0111000 0111001 1110110 1110110 0010110 0011100 1011001 0011010 0100110 1101010 0100001 1010000 1011010 
1111110 0101100 1111110 1101110 1110110 0110000 0001010 1011111 1001011 1100010 0011100 1011001 1001011 1001011 1110110 1110110 0010110 1011011 0001011 1111001 0000101 0010011 1110001 1101000 1010111 
1011111 0000000 1011101 0111110 1000001 1011101 0001110 0001110 0101000 1110110 0101010 0101010 0001010 0110000 0101000 1010101 1011101 1100000 1110101 0110100 0000101 0000010 1110110 0111100 1110111 
1011101 0111110 1001101 0001000 1100011 0011101 1001101 1110010 1001101 1111011 0101001 1010101 0101110 1111110 1011110 0001101 1111110 1110111 0101001 0101111 0110011 1011100 0101000 1000100 1011111 
0011101 0001000 1001101 0111110 1101110 1100111 0001001 1011101 1011101 0010010 0101110 0101110 0101110 1010110 0100010 0101000 0101001 1000100 0011100 1010001 0101100 0110001 1010001 1000100 0101011 
0011101 1100011 0001001 0101100 0101110 1010101 1010110 1111110 0101110 0101110 0101110 1011101 0101110 0101110 0001001 0001001 0001001 0000000 1100000 1010001 0111011 0111011 1000100 0101010 1110110 0000000
76.333336 86.666664 85.0 68.0 74.333336 95.333336 102.0 93.0 105.333336 79.333336 
77.0 83.333336 69.0 60.666668 62.333332 85.333336 108.0 91.666664 110.0 74.333336 
90.666664 86.666664 98.666664 83.333336 77.0 130.33333 143.66667 120.666664 122.333336 72.0 
51.0 75.333336 92.333336 86.666664 86.0 114.666664 130.33333 122.666664 102.0 67.0 
92.666664 67.0 57.333332 70.0 81.666664 116.0 123.333336 128.66667 130.66667 76.333336 
47.333332 67.0 54.333332 29.0 63.666668 93.0 111.333336 117.666664 118.666664 57.0 
29.666666 62.0 53.333332 34.666668 24.333334 44.0 77.333336 85.666664 104.0 75.333336 
33.666668 40.666668 47.666668 21.333334 31.666666 43.0 46.0 73.666664 88.666664 81.666664 
33.0 36.0 67.0 23.333334 47.0 40.333332 46.0 47.333332 59.333332 40.333332 
29.0 30.666666 40.0 22.333334 37.666668 49.333332 53.666668 58.333332 68.0 36.666668 
0000001
185.0 154.0 160.0 224.0 217.0 233.0 200.0 93.0 206.0 147.0 
109.0 197.0 198.0 182.0 186.0 205.0 244.0 180.0 106.0 159.0 
193.0 216.0 227.0 234.0 229.0 190.0 213.0 243.0 109.0 169.0 
175.0 168.0 151.0 245.0 230.0 255.0 211.0 209.0 189.0 105.0 
220.0 198.0 228.0 169.0 212.0 246.0 211.0 228.0 230.0 188.0 
179.0 225.0 228.0 193.0 187.0 229.0 255.0 216.0 252.0 164.0 
189.0 181.0 227.0 255.0 254.0 204.0 247.0 224.0 235.0 150.0 
170.0 180.0 224.0 247.0 251.0 172.0 200.0 178.0 196.0 164.0 
93.0 138.0 170.0 206.0 194.0 139.0 231.0 194.0 228.0 193.0 
200.0 127.0 184.0 99.0 71.0 134.0 201.0 245.0 202.0 226.0 
0000010
157.1 163.0 174.4 178.2 151.1 164.7 135.5 138.7 127.2 159.4 
183.5 176.1 174.3 186.8 170.4 169.8 166.9 91.1 107.7 165.8 
167.5 160.8 167.7 189.8 173.0 159.0 141.1 101.0 93.3 140.8 
149.6 180.3 175.8 198.7 190.3 159.3 126.6 111.1 111.9 121.3 
156.7 180.4 187.8 194.3 170.9 151.7 134.4 106.4 124.2 137.9 
152.9 176.0 178.5 195.7 175.7 168.5 124.9 127.7 142.3 156.9 
136.8 130.7 142.1 145.1 125.5 113.0 116.9 109.4 134.7 124.7 
118.1 98.9 107.1 124.7 111.5 124.7 114.3 113.1 123.9 123.4 
102.7 104.0 103.8 92.6 101.0 100.6 100.5 107.4 126.7 112.3 
93.3 106.3 100.5 122.3 131.4 101.8 110.0 88.4 85.8 80.8 
0000011
153.66667 191.0 175.5 163.33333 139.66667 159.0 140.0 112.5 138.16667 134.0 
148.83333 166.66667 196.83333 187.66667 159.16667 168.5 131.16667 117.666664 114.333336 132.66667 
152.5 182.66667 179.0 162.5 162.66667 162.83333 158.0 121.0 141.83333 120.5 
141.33333 178.5 163.83333 188.5 165.83333 158.5 154.0 122.833336 134.16667 134.5 
103.666664 107.666664 137.83333 155.83333 126.333336 149.5 139.33333 131.16667 137.83333 119.833336 
178.16667 129.5 130.33333 160.0 119.5 125.166664 134.33333 159.5 177.5 152.33333 
155.5 166.0 173.83333 146.83333 139.5 125.166664 133.5 156.83333 116.333336 161.5 
164.33333 159.66667 176.5 142.16667 121.166664 159.16667 133.66667 136.0 145.0 117.5 
154.5 167.66667 157.16667 153.83333 173.16667 149.66667 173.0 168.16667 132.0 161.0 
189.16667 149.66667 170.5 134.83333 185.16667 151.16667 180.0 173.16667 149.5 130.66667 
0000100
57.5 83.0 105.0 101.0 11.5 34.0 65.0 151.5 155.5 169.5 
33.5 75.5 93.0 85.0 20.5 23.5 52.0 102.5 198.5 172.0 
97.5 41.5 60.5 59.5 22.0 39.0 14.0 129.0 172.0 159.0 
99.0 94.5 45.0 27.5 23.0 30.5 64.5 142.0 154.5 113.5 
77.0 113.5 110.5 18.5 39.5 88.0 47.0 104.0 86.5 87.5 
89.5 81.0 74.0 54.5 86.0 91.0 63.5 116.0 133.0 112.5 
117.0 159.0 84.0 91.5 30.0 88.0 36.0 148.0 132.5 112.5 
147.5 109.0 38.5 102.0 43.5 85.5 34.0 124.5 93.5 114.5 
138.0 138.5 0.0 114.0 70.5 97.5 77.0 97.0 99.0 75.5 
116.0 103.0 3.5 97.5 68.0 123.0 94.5 137.5 124.5 56.5 
0000101
125.333336 117.333336 103.22222 85.111115 86.888885 109.55556 112.22222 95.111115 127.44444 132.77777 
145.77777 137.55556 132.66667 120.55556 100.22222 132.77777 137.33333 143.0 144.55556 148.11111 
153.88889 151.0 119.333336 87.77778 111.22222 116.333336 145.55556 141.22223 152.0 132.22223 
149.77777 148.11111 112.44444 96.22222 92.888885 123.22222 99.111115 110.55556 149.77777 154.77777 
153.44444 152.77777 130.22223 118.333336 105.55556 134.22223 117.77778 125.22222 141.33333 122.333336 
143.55556 137.22223 96.111115 75.44444 103.22222 124.77778 117.44444 114.666664 138.22223 150.77777 
135.66667 142.66667 111.55556 85.333336 115.111115 124.55556 114.333336 138.77777 170.55556 146.44444 
151.11111 122.888885 110.0 78.666664 112.55556 125.77778 132.77777 141.55556 166.33333 152.55556 
136.11111 119.55556 119.22222 82.77778 100.333336 124.55556 117.44444 131.11111 157.44444 151.55556 
128.66667 130.33333 102.22222 100.888885 108.77778 142.33333 113.111115 107.77778 159.22223 158.33333 
0000110
106.0 40.0 61.0 58.0 147.0 119.0 22.0 45.0 158.0 144.0 
51.0 54.0 74.0 71.0 165.0 57.0 32.0 76.0 117.0 171.0 
47.0 92.0 70.0 42.0 156.0 117.0 65.0 119.0 176.0 203.0 
64.0 61.0 54.0 51.0 183.0 95.0 119.0 174.0 191.0 51.0 
115.0 96.0 66.0 56.0 158.0 160.0 155.0 207.0 90.0 49.0 
161.0 86.0 58.0 42.0 183.0 137.0 197.0 83.0 26.0 49.0 
149.0 65.0 26.0 126.0 142.0 219.0 116.0 18.0 59.0 56.0 
159.0 82.0 127.0 132.0 190.0 118.0 41.0 33.0 65.0 56.0 
182.0 104.0 128.0 199.0 133.0 14.0 50.0 50.0 52.0 53.0 
183.0 143.0 167.0 158.0 26.0 60.0 62.0 50.0 40.0 86.0 
0000111
6.0 28.0 26.0 0.0 75.0 167.0 170.0 150.0 45.0 31.0 
37.0 26.0 17.0 97.0 146.0 173.0 176.0 171.0 25.0 35.0 
0.0 8.0 73.0 188.0 115.0 113.0 198.0 184.0 56.0 53.0 
27.0 112.0 165.0 190.0 176.0 131.0 154.0 169.0 99.0 42.0 
143.0 116.0 179.0 214.0 185.0 91.0 152.0 167.0 215.0 74.0 
179.0 96.0 205.0 208.0 202.0 146.0 166.0 215.0 162.0 91.0 
155.0 116.0 185.0 207.0 194.0 196.0 172.0 166.0 174.0 150.0 
170.0 131.0 179.0 181.0 152.0 211.0 202.0 127.0 150.0 147.0 
33.0 106.0 192.0 194.0 187.0 212.0 202.0 179.0 133.0 185.0 
29.0 20.0 75.0 172.0 216.0 198.0 156.0 153.0 140.0 178.0 
0001000
8.0 13.666667 23.333334 22.666666 19.333334 37.0 24.666666 33.333332 13.0 18.333334 
5.6666665 12.333333 25.0 22.333334 16.333334 34.666668 26.0 42.0 15.0 30.666666 
8.666667 7.0 22.666666 13.0 15.333333 32.666668 27.0 44.333332 25.333334 12.666667 
20.333334 8.666667 22.333334 10.333333 19.666666 37.0 26.0 38.333332 35.333332 31.0 
22.666666 9.0 26.0 13.0 12.333333 26.333334 17.666666 25.666666 27.666666 21.333334 
12.666667 4.3333335 28.333334 21.0 7.0 17.666666 5.6666665 12.333333 17.0 14.666667 
3.6666667 13.333333 13.333333 14.666667 2.0 12.0 7.0 8.333333 8.0 17.333334 
8.0 5.0 5.0 13.333333 11.333333 17.0 23.666666 23.333334 28.0 17.0 
13.333333 9.666667 13.666667 11.333333 11.666667 42.333332 42.666668 38.666668 19.333334 20.333334 
16.333334 11.666667 29.0 14.0 21.0 39.666668 57.0 31.666666 46.0 23.333334 
0001001
17.8 14.8 16.6 14.8 15.8 13.8 12.8 13.6 17.8 18.8 
21.4 8.0 13.4 9.0 3.0 2.6 4.6 4.0 14.6 17.8 
13.8 7.0 3.6 3.2 4.0 3.8 9.2 9.4 4.4 10.6 
15.4 27.6 10.4 12.6 5.2 8.0 18.2 16.6 16.6 11.2 
23.6 34.4 30.4 20.2 25.0 26.4 28.6 34.6 33.6 32.6 
34.2 33.6 38.0 31.8 42.2 44.4 46.6 51.8 53.0 49.4 
50.2 56.2 66.6 61.2 53.6 60.6 60.8 53.2 54.0 55.6 
56.8 55.2 69.2 78.4 60.8 60.0 49.2 57.4 61.2 58.0 
56.2 55.0 53.2 62.4 53.4 49.2 50.8 52.0 51.8 51.6 
52.0 53.2 49.8 52.8 58.0 54.8 56.0 45.8 35.0 37.6 
0001010
93.666664 97.666664 141.33333 144.33333 157.33333 105.0 75.0 81.666664 65.0 73.0 
87.666664 84.0 134.33333 127.0 153.33333 115.333336 103.666664 93.666664 72.666664 74.666664 
88.0 97.0 114.666664 78.0 89.0 74.333336 43.666668 47.666668 32.666668 28.666666 
101.0 101.333336 143.0 101.666664 110.666664 92.666664 47.333332 58.0 33.666668 48.666668 
104.666664 100.0 113.666664 111.0 122.666664 92.666664 76.0 58.0 42.333332 50.0 
133.0 113.666664 141.0 116.0 131.66667 101.0 81.0 48.333332 64.666664 56.333332 
99.0 134.33333 147.0 148.66667 145.33333 137.66667 105.0 46.333332 51.333332 58.333332 
109.666664 143.33333 127.333336 69.333336 68.333336 75.333336 58.0 38.666668 47.333332 66.666664 
81.666664 101.333336 116.666664 73.666664 71.666664 71.666664 43.666668 33.666668 33.333332 56.666668 
88.333336 92.0 106.0 66.666664 70.0 72.0 40.666668 11.333333 44.0 59.0 
0001011
123.0 101.75 67.5 110.0 156.0 154.75 107.0 92.0 109.25 139.0 
115.75 118.75 82.25 123.25 126.25 174.0 150.0 148.5 99.75 150.5 
83.5 99.75 134.75 129.25 128.75 127.0 141.5 140.75 112.0 155.5 
105.25 126.5 160.5 144.0 126.75 133.75 149.25 153.5 133.75 142.25 
117.0 124.0 167.0 124.25 144.75 127.0 132.0 123.75 125.0 140.5 
93.25 136.0 101.0 122.75 140.25 121.75 136.25 117.0 129.75 118.75 
101.0 136.25 156.25 142.5 162.25 131.75 146.25 138.0 122.25 109.0 
119.25 121.75 171.25 147.25 163.75 141.0 172.75 133.0 154.25 85.0 
123.25 130.75 143.5 134.25 160.0 151.75 178.5 119.0 139.5 93.0 
138.75 159.5 128.0 137.25 163.25 139.25 169.75 155.75 140.0 100.5 
0001100
100.625 93.875 85.375 91.0 114.875 113.875 113.625 108.375 99.5 84.75 
121.25 124.125 100.375 83.25 99.125 127.875 110.75 101.375 106.0 95.5 
119.375 133.625 107.625 111.125 101.375 105.125 118.875 113.5 109.0 83.25 
120.375 121.625 139.75 138.625 101.125 87.25 118.375 110.625 98.0 96.125 
127.625 109.625 124.125 149.25 145.25 115.25 94.5 106.25 116.0 104.875 
117.875 128.125 109.0 133.125 154.25 139.125 101.625 87.375 111.125 125.75 
137.75 154.25 147.5 135.0 142.25 138.375 149.375 109.0 83.25 132.875 
132.5 145.625 165.625 147.5 127.875 109.875 135.625 136.125 83.125 111.0 
130.75 166.125 165.875 159.625 152.0 145.5 139.75 134.375 107.0 109.5 
164.125 161.875 149.125 156.375 141.375 141.0 152.5 121.0 101.625 96.625 
0001101
64.0 21.0 9.0 15.0 42.0 14.0 15.0 19.0 14.0 13.0 
197.0 119.0 0.0 20.0 47.0 4.0 0.0 0.0 1.0 0.0 
142.0 127.0 84.0 22.0 0.0 0.0 16.0 3.0 0.0 5.0 
109.0 98.0 100.0 103.0 116.0 101.0 102.0 77.0 46.0 12.0 
134.0 133.0 114.0 120.0 115.0 90.0 102.0 100.0 85.0 40.0 
213.0 167.0 168.0 186.0 200.0 188.0 170.0 123.0 106.0 80.0 
135.0 140.0 125.0 151.0 158.0 159.0 192.0 197.0 183.0 118.0 
125.0 123.0 138.0 134.0 133.0 154.0 179.0 165.0 190.0 189.0 
88.0 102.0 99.0 108.0 103.0 132.0 154.0 165.0 187.0 179.0 
75.0 82.0 76.0 82.0 74.0 70.0 90.0 90.0 75.0 85.0 
0001110
61.0 45.5 45.5 55.0 40.0 26.0 41.0 21.0 52.0 77.5 
56.5 89.0 45.5 35.0 22.5 25.0 48.5 23.0 59.0 99.0 
62.5 55.0 31.0 26.0 19.5 25.5 42.0 40.5 52.5 36.5 
56.5 41.5 32.0 29.5 28.0 29.0 41.0 40.0 75.5 59.0 
46.5 41.0 26.5 55.0 51.5 25.0 46.0 34.5 57.5 35.5 
37.0 40.5 38.5 64.5 36.0 10.5 22.5 26.5 68.5 53.0 
30.5 41.5 15.5 56.5 45.0 19.0 45.5 36.0 42.5 60.0 
10.0 20.0 21.0 42.5 53.5 14.5 10.0 14.5 16.0 12.0 
23.5 14.5 6.0 56.5 45.0 19.0 19.0 25.5 11.0 8.5 
33.5 17.0 27.0 41.5 23.5 27.0 14.5 11.5 12.5 19.5 
0001111
213.0 215.0 221.0 220.0 210.5 212.0 216.0 217.0 210.0 203.0 
217.5 216.0 220.5 218.0 224.5 215.0 208.5 210.5 214.0 212.0 
223.0 207.0 216.5 214.0 209.0 209.5 210.5 213.0 215.5 217.5 
218.0 208.5 211.5 209.5 212.5 213.5 215.5 219.0 223.0 225.0 
205.0 221.5 213.5 224.0 221.5 221.0 222.5 225.5 229.0 231.0 
203.0 213.0 222.0 218.0 228.0 227.0 226.5 229.0 231.5 233.5 
194.5 206.0 237.5 232.0 235.5 229.5 229.0 233.5 219.5 221.0 
221.0 228.0 221.0 232.5 229.5 224.5 225.0 220.5 233.5 232.0 
227.0 227.5 238.0 236.0 247.0 235.0 237.5 240.0 235.5 234.5 
226.0 233.0 237.0 239.5 234.0 239.5 245.0 244.0 238.0 213.5 
0010000
12.333333 27.333334 75.666664 94.666664 130.33333 105.333336 76.666664 62.666668 72.666664 79.333336 
87.333336 26.333334 44.333332 89.0 114.666664 103.333336 73.0 63.333332 68.333336 87.666664 
146.0 154.0 48.0 35.666668 102.666664 102.0 72.0 70.666664 67.333336 108.0 
118.0 111.0 157.33333 98.666664 63.333332 65.333336 79.333336 74.333336 80.333336 90.666664 
132.0 170.66667 182.66667 186.0 126.0 42.666668 26.666666 73.0 78.0 66.333336 
124.0 158.66667 200.0 186.0 171.66667 105.666664 17.666666 24.0 55.0 64.0 
130.0 121.666664 152.66667 139.66667 173.33333 136.33333 35.0 23.0 31.0 43.0 
89.0 112.333336 112.0 103.0 140.33333 116.0 102.333336 43.333332 30.666666 29.666666 
115.333336 77.0 109.333336 81.0 143.0 151.0 97.333336 47.0 61.666668 26.0 
117.0 92.333336 110.0 100.666664 170.66667 151.66667 68.666664 50.666668 51.333332 71.666664 
0010001
209.0 208.0 204.5 203.0 208.0 210.5 202.5 203.5 217.5 203.5 
202.5 201.5 201.0 199.0 200.5 199.0 205.5 201.5 197.5 202.5 
198.5 203.5 209.0 212.0 210.5 207.5 200.5 197.5 189.0 195.0 
208.0 215.0 221.5 224.5 231.0 225.0 226.5 199.5 215.0 206.0 
217.5 222.0 222.0 220.5 222.5 212.5 228.5 224.0 173.5 200.5 
217.5 222.0 221.0 217.5 218.5 220.0 216.0 183.0 138.5 73.5 
212.5 219.5 221.0 218.5 216.5 212.5 203.0 157.5 140.0 86.0 
210.5 215.5 217.5 213.0 203.0 194.0 206.0 181.0 76.0 130.0 
208.5 210.0 204.5 199.5 209.0 195.0 220.5 143.5 124.0 80.5 
199.0 203.5 203.0 207.0 192.0 216.5 188.0 141.5 128.0 27.0 
0010010
65.0 77.0 90.0 79.0 44.0 12.0 21.0 32.0 27.0 39.0 
78.0 48.0 19.0 13.0 31.0 52.0 35.0 56.0 39.0 32.0 
13.0 20.0 34.0 45.0 46.0 43.0 28.0 44.0 43.0 62.0 
45.0 44.0 43.0 43.0 44.0 45.0 48.0 54.0 40.0 39.0 
43.0 43.0 41.0 40.0 42.0 45.0 45.0 46.0 38.0 48.0 
35.0 36.0 41.0 45.0 49.0 50.0 34.0 33.0 48.0 74.0 
39.0 38.0 35.0 37.0 40.0 39.0 60.0 57.0 54.0 51.0 
32.0 38.0 45.0 32.0 22.0 30.0 55.0 53.0 51.0 50.0 
67.0 33.0 24.0 105.0 127.0 42.0 51.0 50.0 50.0 51.0 
37.0 61.0 59.0 38.0 43.0 69.0 53.0 53.0 53.0 53.0 
0010011
180.75 177.75 176.0 160.75 186.0 184.25 138.0 106.75 81.75 118.5 
189.5 186.25 180.75 166.25 122.0 130.0 103.5 78.75 58.5 116.75 
165.0 150.25 152.5 151.0 137.5 140.25 91.75 81.5 56.5 155.25 
190.5 200.0 161.25 169.25 130.0 129.0 95.75 77.75 52.25 147.0 
204.5 199.25 168.5 140.5 151.25 136.0 106.75 89.75 57.75 144.0 
170.0 201.25 179.25 177.75 125.5 117.75 86.25 54.5 81.5 149.75 
185.5 218.5 178.0 180.0 152.75 120.5 91.25 59.75 102.25 128.5 
197.5 210.25 183.5 171.5 155.5 135.0 56.5 72.75 85.0 139.25 
189.75 198.5 176.25 203.75 174.0 137.75 71.0 86.5 107.25 150.25 
188.25 187.5 196.5 179.75 163.5 144.75 99.75 74.5 89.5 146.5 
0010100
105.75 116.75 104.5 171.0 148.0 189.25 131.0 114.75 85.25 76.75 
138.25 167.0 119.75 151.75 139.0 159.5 138.25 97.75 103.5 61.5 
126.5 114.75 133.5 136.25 152.5 162.75 151.5 113.25 86.75 54.5 
136.75 118.0 119.0 137.0 140.75 151.0 118.0 118.75 85.0 65.5 
136.25 94.0 116.5 143.75 122.0 145.0 133.5 89.5 69.75 58.5 
137.0 122.75 136.75 155.0 128.75 142.0 100.75 59.5 49.5 28.0 
153.25 83.75 155.5 155.0 140.0 124.0 81.0 39.5 37.0 52.75 
162.0 119.0 141.5 143.25 120.75 93.75 79.0 18.5 41.75 35.0 
161.5 124.25 128.0 140.5 125.0 127.0 54.25 20.75 71.0 59.0 
123.0 83.0 134.75 142.75 142.5 122.5 45.0 33.5 71.25 69.0 
0010101
170.0 169.75 75.75 40.25 150.5 174.0 177.0 183.75 183.75 183.0 
173.0 172.5 87.0 32.5 146.75 176.0 174.75 180.0 182.75 182.25 
172.0 169.75 91.0 35.5 144.75 172.25 179.75 186.0 181.75 184.75 
173.25 171.0 72.5 17.25 146.75 177.75 176.25 182.25 184.75 184.5 
174.75 174.5 67.5 15.25 149.0 174.25 179.25 184.0 185.0 183.25 
175.5 175.25 69.0 16.0 149.25 174.75 179.5 184.5 185.5 190.25 
175.5 177.5 74.25 15.75 147.75 178.75 172.75 185.25 187.5 190.0 
175.0 175.5 72.25 15.75 143.5 178.0 179.25 183.5 191.75 176.25 
171.75 180.75 76.25 16.5 146.0 177.75 178.5 187.25 180.0 172.25 
176.75 177.25 82.75 18.5 139.75 184.5 179.25 161.0 141.5 162.0 
0010110
71.0 73.5 74.5 56.0 52.5 52.0 45.0 95.0 98.0 60.5 
69.5 59.5 69.0 63.5 58.0 53.0 49.0 103.0 93.0 66.0 
67.5 60.0 59.5 55.0 62.0 61.0 60.5 87.5 89.0 77.5 
73.0 74.5 69.5 71.5 77.5 53.5 49.5 66.0 78.0 62.5 
79.5 64.5 58.5 46.0 79.5 31.5 24.5 89.0 70.0 96.0 
65.5 68.0 53.5 3.0 46.5 50.0 68.0 144.0 96.5 84.0 
80.0 58.5 70.5 2.0 56.0 51.5 90.0 192.0 90.5 92.0 
75.0 64.0 60.0 18.5 62.5 51.0 105.0 193.5 109.0 108.0 
62.5 70.0 52.5 39.0 62.0 41.5 106.0 175.5 102.0 97.0 
61.0 74.5 60.0 55.5 56.5 38.5 91.5 149.5 84.5 73.0 
0010111
129.0 106.666664 158.33333 192.0 162.66667 134.0 149.66667 172.0 164.66667 156.33333 
137.33333 123.333336 150.66667 175.0 166.66667 142.33333 184.66667 166.0 139.66667 184.66667 
132.33333 111.666664 151.66667 172.33333 111.333336 135.0 141.66667 145.66667 167.33333 160.33333 
88.0 100.666664 111.0 63.666668 77.666664 109.0 118.666664 106.666664 90.0 113.0 
84.333336 71.333336 76.333336 72.0 126.666664 105.0 53.666668 75.333336 63.0 96.666664 
56.0 83.0 117.666664 148.33333 149.0 69.333336 86.666664 101.0 123.0 152.33333 
101.666664 106.333336 126.666664 117.333336 62.333332 65.666664 113.0 134.33333 153.66667 142.66667 
126.0 70.333336 97.0 67.333336 37.333332 79.333336 93.666664 112.666664 102.333336 100.666664 
114.0 71.0 106.666664 91.0 42.0 89.0 100.333336 120.666664 127.0 109.0 
122.0 51.0 87.666664 76.0 75.666664 118.333336 109.333336 134.33333 154.33333 133.66667 
0011000
146.5 173.25 139.25 156.5 151.5 183.0 168.75 161.75 88.75 137.5 
113.5 129.5 149.0 160.25 154.75 182.25 158.75 134.0 166.5 86.0 
144.75 138.5 155.5 120.5 160.75 133.25 144.25 137.5 120.0 133.0 
102.0 138.5 109.5 139.25 154.0 122.25 91.75 131.25 121.75 172.75 
140.5 144.0 85.5 122.5 132.25 160.75 124.0 124.0 128.5 111.75 
156.5 134.75 135.75 148.25 151.5 145.5 106.5 129.0 123.0 136.0 
125.5 153.0 123.25 115.0 139.5 154.0 133.75 135.5 96.0 145.5 
135.5 153.75 129.25 120.5 141.75 144.25 165.0 100.0 113.0 146.5 
123.5 116.5 75.0 76.5 138.75 148.0 164.75 116.75 118.75 161.25 
108.0 141.25 73.0 97.75 93.5 81.25 109.5 109.75 122.5 153.5 
0011001
201.0 201.0 201.0 201.0 200.0 200.0 200.0 200.0 195.0 201.0 
199.0 199.0 199.0 200.0 200.0 200.0 200.0 200.0 197.0 196.0 
199.0 200.0 200.0 201.0 201.0 202.0 202.0 202.0 197.0 196.0 
203.0 203.0 204.0 205.0 207.0 208.0 209.0 209.0 206.0 211.0 
206.0 207.0 209.0 211.0 213.0 214.0 216.0 217.0 217.0 228.0 
206.0 207.0 209.0 212.0 214.0 217.0 219.0 220.0 211.0 227.0 
201.0 202.0 205.0 208.0 211.0 214.0 216.0 217.0 205.0 218.0 
196.0 197.0 200.0 203.0 206.0 210.0 212.0 213.0 213.0 217.0 
198.0 198.0 200.0 201.0 203.0 205.0 206.0 207.0 197.0 200.0 
204.0 204.0 203.0 203.0 202.0 201.0 201.0 201.0 207.0 193.0 
0011010
82.0 19.5 93.0 113.5 152.5 151.5 162.5 133.0 121.0 58.5 
80.0 17.0 76.5 127.0 177.0 122.0 173.0 125.0 108.0 66.0 
76.0 13.0 82.5 98.5 122.0 163.0 142.5 101.5 104.0 54.0 
77.5 14.5 90.0 103.5 98.5 74.0 87.5 71.0 107.5 58.5 
77.0 22.5 150.0 90.5 68.0 60.0 73.5 58.5 89.0 86.0 
72.0 19.0 101.5 122.0 119.0 50.0 82.5 38.5 29.0 81.5 
80.0 24.0 89.0 73.5 169.5 110.5 84.5 48.5 45.0 13.5 
69.0 75.5 64.0 121.0 166.5 129.5 83.0 70.5 80.5 13.0 
101.0 83.0 87.0 99.5 88.5 148.0 166.5 161.5 132.5 52.0 
94.5 132.0 137.5 138.0 152.0 174.5 212.5 192.5 189.5 45.5 
0011011
205.0 189.0 213.0 213.0 237.0 218.0 161.0 176.0 230.0 241.0 
236.0 239.0 231.0 228.0 203.0 226.0 191.0 148.0 220.0 231.0 
251.0 236.0 230.0 230.0 179.0 203.0 182.0 203.0 216.0 255.0 
245.0 213.0 182.0 196.0 234.0 227.0 231.0 204.0 229.0 202.0 
178.0 151.0 231.0 228.0 219.0 234.0 213.0 218.0 178.0 210.0 
217.0 226.0 206.0 211.0 222.0 208.0 206.0 143.0 188.0 156.0 
225.0 238.0 235.0 239.0 202.0 170.0 185.0 188.0 220.0 241.0 
245.0 226.0 255.0 229.0 158.0 126.0 152.0 120.0 163.0 207.0 
200.0 227.0 214.0 204.0 147.0 192.0 187.0 237.0 157.0 165.0 
203.0 192.0 220.0 213.0 216.0 215.0 66.0 124.0 164.0 100.0 
0011100
106.333336 122.333336 90.0 108.666664 133.66667 124.666664 153.0 141.0 96.333336 130.33333 
74.333336 78.333336 86.0 130.33333 127.666664 131.66667 140.33333 132.33333 106.666664 148.66667 
84.0 89.666664 100.0 102.0 86.333336 88.333336 125.0 135.66667 108.666664 146.66667 
108.666664 105.666664 118.0 131.0 102.0 100.0 125.0 119.333336 75.666664 117.0 
66.666664 45.0 101.666664 95.333336 106.0 102.333336 127.666664 114.333336 70.666664 127.0 
102.666664 82.666664 99.666664 107.666664 104.333336 96.0 125.666664 115.333336 74.0 119.666664 
63.0 48.666668 104.0 92.333336 96.666664 94.666664 126.666664 120.666664 67.666664 119.0 
73.666664 43.666668 101.333336 100.0 117.0 119.333336 154.66667 139.33333 114.333336 157.0 
88.333336 70.333336 106.0 107.0 98.666664 97.666664 115.333336 125.666664 86.333336 130.33333 
87.0 82.666664 127.666664 139.33333 133.0 128.66667 136.66667 139.33333 83.666664 112.0 
0011101
35.666668 28.333334 33.0 31.0 22.0 26.666666 39.0 35.0 43.333332 34.0 
24.333334 12.666667 31.0 31.333334 26.333334 39.666668 65.666664 31.0 54.0 58.666668 
34.333332 26.333334 33.0 40.0 34.0 43.666668 45.0 29.666666 56.0 44.333332 
34.0 29.0 15.0 27.666666 21.666666 28.333334 24.0 17.0 17.333334 11.333333 
18.666666 11.666667 18.333334 19.666666 8.666667 20.333334 29.666666 16.0 41.666668 27.0 
12.666667 12.333333 25.333334 31.666666 21.0 26.0 29.0 24.0 42.333332 23.333334 
14.333333 17.0 27.333334 21.0 24.333334 25.0 42.0 30.666666 35.0 22.333334 
13.333333 30.333334 26.333334 17.333334 20.0 21.0 20.0 21.0 8.333333 5.6666665 
9.0 36.666668 13.0 8.0 15.666667 19.666666 22.666666 18.0 16.333334 17.666666 
3.6666667 17.333334 10.333333 13.0 18.333334 16.0 20.666666 20.0 39.0 26.0 
0011110
121.5 111.0 88.5 113.0 98.75 99.75 112.75 115.25 101.5 79.25 
148.5 147.0 95.0 101.0 133.5 111.5 107.0 93.5 119.0 99.25 
129.25 131.0 82.0 89.75 102.0 102.75 98.25 118.25 114.75 87.0 
143.0 132.0 112.75 97.25 158.0 110.75 109.0 124.75 90.25 91.75 
117.75 86.0 74.0 85.5 78.25 85.75 102.75 51.0 77.0 43.5 
68.25 93.0 82.75 108.5 76.25 102.0 71.0 64.25 63.5 58.5 
92.5 89.75 118.0 128.25 120.0 91.75 71.0 29.5 55.5 75.25 
101.75 117.5 137.0 143.0 107.25 55.75 83.25 31.75 92.5 70.5 
138.25 119.5 154.25 147.75 90.25 74.25 80.0 62.0 67.5 69.0 
141.75 131.5 122.0 60.25 61.75 71.75 68.5 69.25 106.25 83.25 
0011111
65.5 93.0 189.5 175.5 148.5 21.0 19.5 74.0 126.5 100.0 
71.5 121.0 185.5 192.0 140.5 16.5 88.5 123.0 75.0 44.0 
79.5 92.0 213.5 206.5 141.0 90.5 105.0 50.0 32.5 61.5 
77.5 128.5 195.0 188.0 164.0 94.5 25.0 25.5 34.5 65.5 
71.0 112.0 199.0 189.5 120.5 7.0 17.0 39.5 34.5 83.5 
42.5 167.0 203.5 75.0 57.5 36.5 43.0 29.5 49.5 82.0 
107.5 189.5 40.0 86.0 85.0 26.0 33.0 34.5 55.0 85.0 
121.0 13.5 95.0 98.5 101.0 14.5 35.0 43.0 18.0 79.0 
2.0 52.0 113.5 135.0 109.0 31.0 46.0 35.0 32.0 74.5 
38.5 58.0 152.0 151.5 89.0 29.0 39.0 33.0 55.5 120.5 
0100000
207.5 198.0 169.0 219.0 217.0 189.5 214.5 176.5 186.5 190.5 
209.5 188.0 226.0 230.5 209.0 185.0 200.0 197.0 188.0 185.5 
179.5 189.5 243.0 242.5 215.0 183.0 210.5 208.0 168.5 181.0 
216.0 218.0 227.0 217.0 188.5 169.5 209.5 206.5 158.0 235.0 
220.5 225.0 212.0 230.0 195.0 180.0 199.5 224.5 169.5 217.0 
189.5 214.5 176.5 192.0 185.0 192.0 202.0 181.5 172.5 203.5 
196.5 196.5 202.5 190.0 172.5 166.0 182.0 183.0 186.5 186.0 
162.5 163.0 169.5 204.0 126.0 183.0 182.5 191.5 192.5 146.0 
171.0 191.0 141.0 149.0 134.0 159.0 153.5 164.5 167.5 187.5 
158.0 161.5 159.5 160.5 114.0 161.5 157.5 136.5 170.0 152.0 
0100001
151.71428 142.85715 107.42857 121.57143 134.0 131.85715 143.57143 149.85715 154.85715 169.71428 
148.42857 154.71428 143.71428 125.85714 130.71428 142.57143 142.71428 175.85715 193.85715 165.0 
107.14286 116.57143 111.0 109.28571 140.85715 150.71428 132.42857 151.28572 174.14285 173.57143 
110.71429 84.71429 100.85714 102.0 102.71429 124.0 133.85715 150.57143 166.42857 166.57143 
130.14285 112.85714 110.71429 107.28571 112.28571 136.0 116.14286 149.57143 150.85715 148.71428 
147.71428 141.14285 122.0 125.14286 130.57143 138.14285 154.14285 156.28572 152.28572 156.42857 
151.0 144.71428 156.57143 129.0 150.28572 142.14285 139.0 160.42857 172.57143 154.85715 
141.85715 134.28572 155.28572 139.42857 137.85715 145.28572 136.71428 162.42857 161.14285 160.28572 
160.71428 158.42857 160.14285 173.71428 130.14285 145.14285 119.42857 136.57143 181.42857 191.14285 
178.14285 155.42857 168.71428 164.42857 121.14286 126.28571 120.85714 122.14286 153.28572 167.71428 
0100010
33.666668 65.666664 79.0 90.666664 80.666664 112.666664 125.333336 94.0 72.666664 86.0 
36.0 45.333332 79.333336 107.333336 117.333336 53.0 29.666666 50.666668 44.666668 50.666668 
8.0 62.666668 123.333336 167.33333 121.0 21.333334 13.666667 28.666666 44.0 38.666668 
20.333334 86.666664 117.666664 96.333336 66.333336 60.0 63.666668 40.666668 30.333334 23.666666 
84.0 76.333336 51.333332 59.0 48.666668 51.333332 47.666668 45.333332 32.666668 49.666668 
72.0 46.333332 45.333332 24.666666 25.666666 25.333334 22.333334 21.333334 38.666668 41.666668 
52.0 49.0 34.0 26.666666 23.666666 17.666666 25.666666 34.333332 40.666668 54.666668 
67.0 49.666668 18.666666 27.333334 27.333334 23.0 17.666666 16.333334 37.0 41.666668 
70.0 65.0 41.666668 45.333332 35.333332 27.333334 22.0 30.333334 26.0 41.333332 
67.333336 65.0 21.0 30.0 41.0 53.0 41.0 30.0 43.666668 49.333332 
0100011
184.0 172.66667 175.0 190.66667 209.33333 158.33333 97.0 132.33333 95.333336 51.0 
196.66667 136.33333 180.66667 195.33333 159.0 132.66667 119.0 106.0 76.666664 16.333334 
190.66667 140.0 187.66667 178.33333 136.66667 149.0 99.0 95.0 7.3333335 40.666668 
168.0 136.66667 141.66667 137.33333 156.66667 134.0 49.333332 26.666666 52.0 49.0 
143.33333 135.33333 103.666664 137.0 155.0 110.666664 33.666668 28.0 75.0 64.666664 
96.666664 102.333336 113.0 167.33333 140.0 89.333336 25.333334 41.666668 93.0 142.33333 
81.666664 135.0 165.0 140.33333 110.666664 37.0 36.666668 36.666668 117.666664 91.666664 
103.333336 151.66667 136.33333 108.666664 54.333332 35.333332 37.0 83.666664 128.0 114.666664 
145.33333 141.66667 98.666664 73.666664 60.666668 42.666668 53.333332 103.666664 127.333336 110.333336 
161.33333 134.66667 61.333332 76.333336 44.333332 65.0 87.666664 76.0 131.33333 111.666664 
0100100
201.0 208.5 202.0 205.0 202.5 202.0 202.5 202.0 205.0 207.5 
184.0 193.5 185.5 202.0 209.0 208.5 208.5 209.0 208.5 211.0 
213.0 226.0 219.0 217.0 213.5 211.5 209.5 208.5 210.5 202.0 
229.0 215.0 222.5 215.0 212.5 209.0 206.0 204.5 209.5 201.5 
217.0 213.5 219.5 211.0 213.0 211.0 209.5 209.5 211.0 218.5 
209.5 215.5 211.5 216.0 215.5 216.5 218.5 220.0 219.0 226.5 
223.5 212.5 232.5 223.5 237.5 233.0 230.5 231.5 228.0 240.0 
234.0 243.0 244.5 236.0 239.5 228.0 233.0 232.5 242.5 202.5 
244.0 244.5 238.5 232.0 227.5 225.0 239.0 241.0 240.5 162.5 
237.0 244.0 242.5 233.5 232.0 232.5 238.5 247.5 201.0 124.0 
0100101
166.0 177.5 167.0 152.5 165.5 159.0 181.5 167.5 155.0 162.5 
181.0 189.5 119.5 144.5 153.5 185.0 160.0 152.5 208.0 181.5 
181.5 194.5 200.0 126.5 156.5 173.0 160.5 197.5 203.0 196.0 
203.5 217.5 175.0 160.0 125.0 156.0 187.5 193.0 196.5 198.0 
203.0 221.0 209.5 197.0 171.5 173.0 175.0 201.5 213.0 200.0 
189.0 214.5 205.0 189.0 171.5 148.5 173.5 173.5 170.0 193.0 
203.0 223.0 205.5 186.5 199.0 167.5 175.5 209.0 208.5 222.0 
209.5 216.5 216.5 197.0 226.5 187.5 194.0 196.5 204.5 202.5 
201.0 204.5 220.5 200.5 202.5 190.0 224.5 202.0 195.0 207.5 
201.0 194.0 219.0 219.0 207.0 181.5 208.0 202.5 162.0 209.0 
0100110
89.75 82.5 31.5 71.25 91.25 78.0 72.25 57.5 92.0 88.75 
87.75 70.25 39.5 72.5 83.0 74.25 57.5 71.75 105.25 98.25 
64.5 71.5 47.0 69.75 69.25 64.25 61.0 80.75 123.25 113.5 
93.25 90.75 40.0 74.25 62.25 61.5 85.75 72.75 131.0 113.25 
76.75 91.25 55.0 34.25 46.5 64.5 85.5 79.0 133.0 108.25 
72.75 85.75 40.25 17.75 44.0 96.0 90.0 84.25 136.5 135.25 
79.75 55.5 38.75 57.5 42.5 60.75 78.75 64.25 135.5 155.0 
59.75 64.75 87.5 65.25 72.5 84.5 76.0 80.25 122.5 157.75 
88.0 112.25 89.0 34.25 97.0 106.25 98.75 108.5 120.25 140.25 
108.0 80.75 59.5 37.75 94.0 99.25 101.75 99.5 150.75 127.5 
0100111
165.2 163.1 168.9 163.5 154.4 170.8 161.4 146.8 163.4 160.8 
174.4 166.6 173.3 168.3 176.0 175.7 174.8 170.6 163.0 155.4 
179.7 169.7 174.5 172.5 178.0 168.7 162.0 175.9 172.6 166.3 
171.0 170.9 184.4 158.8 179.7 167.4 173.3 181.0 174.5 168.8 
171.7 158.9 186.9 171.7 171.2 162.8 178.7 177.9 177.2 183.2 
154.8 175.6 179.2 175.1 174.2 178.8 167.2 183.2 189.2 175.9 
168.2 185.7 185.3 183.8 173.7 190.1 186.0 167.1 176.3 184.0 
160.6 180.7 179.6 164.9 178.7 189.4 179.5 179.4 169.0 183.1 
146.5 166.0 177.4 165.8 182.3 185.2 179.9 182.9 189.3 171.8 
168.8 172.5 165.4 168.5 167.9 177.2 184.2 186.8 185.7 171.7 
0101000
89.5 110.666664 88.833336 106.333336 117.666664 102.0 101.0 79.166664 67.166664 78.5 
69.833336 62.666668 67.833336 96.0 101.0 90.5 94.333336 75.333336 68.666664 71.666664 
70.333336 62.666668 52.5 74.333336 97.833336 56.833332 60.0 44.833332 51.833332 51.333332 
61.333332 63.5 48.333332 76.0 95.5 54.833332 56.5 46.666668 55.166668 46.166668 
59.166668 71.166664 63.0 85.333336 97.833336 63.166668 64.833336 41.5 58.833332 53.666668 
64.833336 82.333336 61.333332 88.333336 99.666664 61.333332 64.666664 38.166668 51.666668 58.5 
67.833336 73.5 65.166664 95.0 108.833336 87.5 64.166664 44.333332 59.0 59.333332 
55.666668 51.666668 43.166668 85.166664 96.833336 43.666668 61.166668 52.166668 38.333332 32.5 
48.5 54.833332 76.166664 90.666664 68.666664 40.833332 59.166668 62.666668 31.5 34.333332 
48.333332 61.166668 77.5 67.833336 65.833336 50.166668 65.166664 56.833332 36.833332 47.833332 
0101001
40.4 45.4 54.0 33.4 42.0 86.2 98.2 106.2 117.0 114.2 
49.8 42.6 43.0 18.8 36.0 80.0 77.6 75.6 86.8 114.4 
49.2 23.2 34.6 16.4 37.0 82.0 85.0 62.2 92.4 95.4 
41.0 38.0 64.4 59.4 64.4 58.2 56.6 61.4 77.4 71.4 
35.2 30.4 52.6 29.4 47.4 56.8 61.4 68.4 59.0 66.0 
51.4 50.4 50.6 36.2 40.8 56.6 66.2 59.8 73.0 85.0 
52.6 46.0 55.2 26.2 43.8 40.4 53.4 63.6 73.0 64.8 
41.0 39.2 57.2 25.8 26.2 37.6 53.6 48.0 54.6 54.6 
38.2 32.0 49.6 25.6 29.8 41.2 52.2 47.2 57.8 73.6 
66.0 69.4 70.2 52.4 49.4 46.0 34.2 48.6 71.2 82.4 
0101010
111.28571 106.85714 99.85714 82.0 97.42857 85.42857 83.14286 80.14286 80.85714 78.0 
124.85714 125.0 105.57143 105.42857 103.42857 104.28571 69.28571 88.0 72.42857 73.0 
123.71429 130.57143 120.57143 138.14285 116.42857 126.28571 124.0 119.71429 106.71429 78.71429 
124.42857 103.42857 121.28571 89.42857 100.42857 113.0 110.71429 116.42857 116.57143 117.0 
108.85714 112.71429 118.0 86.28571 100.71429 118.71429 104.28571 109.14286 103.42857 96.0 
97.14286 98.71429 103.14286 84.71429 93.14286 108.28571 109.42857 112.57143 108.85714 104.71429 
96.85714 80.28571 98.0 80.71429 80.14286 91.42857 102.28571 93.0 91.14286 101.57143 
71.14286 74.14286 79.0 68.28571 64.28571 80.71429 85.71429 77.0 96.14286 89.42857 
51.857143 59.0 61.285713 44.0 43.714287 60.285713 55.142857 57.857143 80.14286 76.14286 
53.57143 90.0 77.71429 45.857143 65.57143 79.14286 66.28571 54.857143 86.85714 58.857143 
0101011
65.666664 38.0 29.666666 19.666666 32.0 128.0 137.0 120.0 148.33333 88.666664 
41.0 42.0 26.0 20.333334 21.333334 115.666664 99.666664 91.666664 78.0 62.0 
29.333334 55.0 40.0 24.333334 2.6666667 96.333336 80.0 87.0 113.666664 87.333336 
47.0 44.333332 38.666668 35.0 43.0 129.66667 108.333336 115.333336 107.333336 70.0 
81.666664 74.0 70.333336 52.666668 84.0 138.66667 89.666664 60.333332 70.333336 74.0 
70.666664 57.666668 56.0 64.0 66.0 139.0 134.66667 90.333336 38.0 64.0 
55.666668 46.666668 55.333332 72.333336 81.666664 129.66667 86.0 75.333336 71.0 46.666668 
43.666668 43.333332 61.666668 74.666664 52.0 118.666664 109.666664 60.0 76.333336 48.0 
47.333332 67.333336 90.0 91.0 86.666664 115.666664 111.666664 97.0 76.666664 70.0 
43.333332 59.333332 81.333336 82.666664 81.666664 113.333336 122.666664 111.0 122.333336 74.0 
0101100
60.75 42.0 34.0 23.5 46.75 54.5 36.0 56.5 56.5 60.0 
23.5 12.25 37.5 17.5 4.5 47.25 39.0 35.5 17.75 45.5 
25.0 23.75 42.5 26.75 28.5 29.0 31.5 35.5 41.0 40.75 
29.25 21.5 40.5 33.5 38.25 64.75 71.75 40.75 39.75 37.75 
66.75 67.75 51.0 29.0 30.25 61.75 62.0 77.25 56.25 75.0 
36.0 56.75 62.0 45.25 38.75 66.75 70.75 74.75 76.0 87.25 
39.0 48.5 62.0 34.25 27.0 53.5 62.5 72.5 92.75 96.25 
60.75 48.25 46.5 31.75 28.25 58.0 57.75 64.25 86.0 92.25 
52.5 59.0 46.75 24.0 20.25 48.75 74.75 97.0 77.75 78.75 
56.25 61.0 67.25 44.75 50.75 77.5 76.75 68.0 61.75 40.25 
0101101
83.333336 54.333332 52.0 59.0 71.666664 51.333332 61.666668 87.666664 19.0 18.0 
52.0 96.333336 52.666668 54.333332 50.333332 52.666668 45.333332 10.333333 20.333334 26.0 
61.0 86.0 41.333332 53.333332 44.333332 40.333332 30.0 20.666666 17.333334 28.0 
102.666664 66.666664 55.666668 27.0 49.666668 43.0 14.666667 20.0 40.0 67.0 
93.666664 41.0 64.666664 29.666666 52.666668 49.333332 23.0 26.0 41.333332 114.666664 
134.33333 44.666668 30.0 37.666668 13.333333 24.0 10.333333 29.0 31.333334 99.666664 
132.33333 79.0 30.666666 37.0 27.333334 30.666666 40.666668 24.666666 63.666668 128.66667 
83.0 62.0 25.0 29.666666 28.666666 17.0 28.666666 17.0 53.666668 99.333336 
88.333336 82.666664 38.666668 38.666668 29.666666 39.333332 48.666668 26.0 52.666668 60.0 
88.666664 72.0 41.666668 39.666668 35.333332 40.333332 26.666666 31.666666 74.333336 116.0 
0101110
47.5 54.083332 51.583332 51.916668 60.333332 61.583332 61.25 60.75 56.583332 50.833332 
47.25 52.25 51.166668 47.916668 53.916668 59.166668 54.5 51.0 51.416668 49.083332 
46.083332 49.5 49.166668 49.083332 54.75 54.25 52.416668 52.083332 52.0 48.0 
49.0 53.916668 56.083332 57.166668 58.5 57.166668 56.0 61.833332 58.083332 57.916668 
50.916668 50.083332 50.333332 56.166668 53.916668 52.916668 53.0 55.833332 57.083332 52.75 
51.75 53.166668 53.833332 50.75 54.0 55.416668 57.25 56.416668 54.75 49.666668 
49.25 55.0 57.833332 57.666668 66.083336 64.416664 60.5 56.0 51.166668 46.583332 
60.0 59.833332 54.916668 52.5 55.416668 57.083332 52.333332 53.833332 51.25 53.25 
46.916668 47.25 46.25 46.25 48.166668 51.916668 49.25 52.083332 49.416668 51.833332 
45.666668 44.666668 46.25 46.25 52.166668 52.0 51.666668 49.5 49.0 50.416668 
0101111
122.0 94.75 93.75 86.5 104.75 69.0 42.5 71.0 45.25 61.0 
174.0 132.75 112.5 105.0 106.5 63.75 65.75 103.0 41.0 41.25 
154.5 181.25 141.0 91.75 74.75 51.5 72.25 98.25 50.25 41.0 
149.5 153.75 176.0 54.25 78.5 44.5 20.25 45.75 33.0 10.25 
125.75 132.75 130.5 131.5 48.25 30.0 28.5 23.75 27.5 9.5 
103.0 127.0 128.25 120.75 32.75 20.5 16.5 18.5 14.5 27.75 
119.25 155.0 162.5 123.5 59.5 17.5 15.75 18.5 23.0 26.0 
130.25 151.0 148.0 81.75 65.0 18.75 24.5 21.5 27.5 18.0 
116.25 127.0 107.0 83.75 61.0 33.5 17.0 16.75 20.5 27.25 
93.5 129.5 116.5 95.5 86.25 50.0 23.25 31.0 26.25 20.5 
0110000
97.25 75.5 78.75 117.5 157.0 86.5 45.0 59.75 132.25 100.0 
122.0 93.5 89.5 120.5 152.75 88.5 35.5 61.25 121.0 70.75 
87.75 59.5 53.75 79.25 111.0 75.75 47.25 61.0 94.75 57.75 
88.5 59.5 63.0 75.25 90.75 59.5 60.5 67.0 68.75 66.75 
102.5 103.0 98.5 109.25 119.5 98.25 50.75 54.5 65.75 66.5 
100.25 93.25 81.5 96.0 92.75 75.0 59.0 64.25 61.75 65.75 
108.25 79.5 69.5 99.25 99.5 84.5 54.0 46.25 64.25 68.0 
120.5 75.0 50.0 54.0 51.0 39.25 42.25 72.25 82.5 64.75 
84.25 59.75 43.25 55.0 81.5 39.5 25.5 28.75 18.5 60.75 
39.0 37.5 48.25 48.75 74.75 43.0 37.0 27.25 69.0 63.25 
0110001
84.25 102.75 84.5 28.5 63.5 85.75 80.0 41.0 101.5 84.25 
81.0 93.0 26.25 23.25 51.75 74.0 65.75 41.0 119.75 88.75 
79.0 62.0 44.0 33.25 54.5 79.0 97.75 66.25 121.5 103.0 
33.5 66.0 42.25 35.0 52.75 95.75 95.75 67.75 134.75 118.5 
57.25 89.0 63.75 57.75 73.75 102.0 100.75 69.0 142.75 134.5 
67.5 89.0 65.25 62.75 77.0 103.5 96.75 65.5 134.25 134.5 
85.0 121.5 96.5 69.25 97.25 104.5 100.0 105.25 139.25 100.25 
83.25 100.0 98.25 94.75 124.25 145.0 136.5 127.0 104.0 84.25 
83.25 99.5 108.25 76.5 98.75 139.25 135.25 96.0 119.25 120.75 
88.0 117.0 64.5 35.25 82.5 93.25 94.25 89.75 116.0 119.75 
0110010
74.0 146.5 147.0 151.0 152.5 227.5 216.0 238.5 132.5 172.5 
69.0 134.5 175.0 189.0 166.5 183.0 193.0 173.5 152.5 157.0 
50.5 173.0 167.0 192.0 231.0 140.5 199.5 172.0 176.5 105.5 
47.5 125.0 181.5 164.5 158.0 121.0 164.5 174.5 153.5 121.0 
122.5 62.0 171.0 136.0 152.5 115.5 140.0 163.5 154.0 153.5 
118.5 113.5 167.0 165.0 181.5 158.5 119.0 142.5 180.5 151.5 
135.0 108.5 153.0 125.5 155.0 150.0 135.5 165.5 158.5 115.5 
129.5 90.0 170.0 189.5 174.5 181.0 119.5 153.0 169.0 79.0 
151.5 110.5 175.0 193.0 180.0 186.0 126.0 142.5 130.5 128.0 
158.0 68.5 137.0 100.5 132.0 159.0 169.0 136.5 132.0 173.5 
0110011
64.5 55.166668 49.166668 19.5 31.666666 86.833336 105.833336 107.0 93.666664 76.166664 
69.0 68.666664 43.333332 18.0 37.333332 115.0 95.666664 91.0 105.166664 83.833336 
71.5 53.166668 42.0 17.166666 51.833332 132.0 133.16667 121.5 138.33333 91.0 
38.333332 35.166668 42.833332 13.0 58.666668 129.66667 126.166664 126.0 156.16667 100.833336 
31.666666 50.333332 50.5 5.8333335 62.333332 139.0 133.16667 126.833336 159.0 127.0 
38.5 54.0 42.833332 16.0 65.666664 137.66667 141.83333 132.66667 160.16667 85.833336 
24.5 53.0 48.666668 25.833334 50.333332 135.83333 144.0 125.0 142.83333 98.333336 
26.833334 58.833332 38.833332 24.0 48.166668 128.33333 142.33333 125.166664 151.0 88.5 
44.333332 53.833332 39.166668 17.166666 46.166668 127.5 144.33333 127.833336 128.83333 89.0 
46.0 55.166668 37.166668 14.5 39.5 122.666664 130.66667 114.5 125.5 91.833336 
0110100
118.77778 111.44444 121.22222 111.77778 119.666664 128.88889 141.66667 144.55556 148.66667 138.88889 
125.111115 131.55556 119.77778 129.55556 115.44444 137.33333 142.55556 140.44444 149.11111 135.66667 
130.44444 124.111115 115.666664 124.55556 124.22222 139.11111 162.33333 147.66667 141.88889 147.0 
139.44444 111.77778 133.0 118.44444 143.88889 162.66667 166.55556 154.55556 155.77777 141.55556 
128.77777 104.888885 128.55556 125.55556 141.22223 144.55556 155.33333 159.44444 173.11111 153.55556 
134.44444 122.44444 112.888885 142.44444 138.88889 128.22223 160.33333 152.44444 157.44444 132.88889 
127.44444 117.77778 95.0 131.11111 139.22223 130.11111 156.88889 129.55556 148.77777 155.88889 
125.44444 142.0 130.77777 133.77777 144.33333 135.55556 145.33333 155.22223 163.0 149.11111 
121.0 110.111115 147.55556 131.55556 131.44444 139.22223 140.66667 153.77777 143.33333 143.33333 
132.77777 153.33333 135.33333 144.44444 108.22222 126.111115 141.77777 156.33333 153.55556 145.55556 
0110101
173.0 234.0 236.0 189.0 151.0 225.0 155.0 222.0 222.0 114.0 
211.0 161.0 237.0 229.0 167.0 142.0 129.0 169.0 192.0 163.0 
189.0 208.0 140.0 255.0 194.0 164.0 163.0 143.0 224.0 201.0 
211.0 196.0 203.0 159.0 187.0 178.0 199.0 175.0 186.0 202.0 
220.0 201.0 215.0 186.0 193.0 168.0 249.0 201.0 167.0 192.0 
234.0 253.0 209.0 236.0 184.0 163.0 222.0 228.0 130.0 180.0 
219.0 251.0 216.0 243.0 175.0 150.0 220.0 227.0 168.0 232.0 
198.0 195.0 240.0 211.0 194.0 174.0 146.0 219.0 152.0 228.0 
176.0 183.0 187.0 203.0 192.0 144.0 176.0 217.0 134.0 231.0 
183.0 183.0 219.0 223.0 203.0 188.0 157.0 122.0 113.0 227.0 
0110110
231.0 246.0 233.0 204.0 226.0 232.0 211.0 248.0 247.0 237.0 
246.0 198.0 255.0 215.0 213.0 195.0 146.0 129.0 167.0 221.0 
182.0 230.0 189.0 176.0 183.0 212.0 191.0 209.0 212.0 245.0 
87.0 187.0 188.0 243.0 255.0 226.0 218.0 219.0 245.0 218.0 
208.0 100.0 194.0 241.0 210.0 163.0 244.0 236.0 223.0 239.0 
188.0 165.0 142.0 253.0 249.0 226.0 188.0 236.0 228.0 244.0 
204.0 187.0 116.0 230.0 187.0 237.0 234.0 217.0 244.0 245.0 
173.0 121.0 159.0 105.0 223.0 183.0 212.0 210.0 231.0 233.0 
82.0 120.0 160.0 136.0 117.0 156.0 218.0 229.0 220.0 193.0 
195.0 213.0 212.0 210.0 97.0 216.0 210.0 137.0 239.0 231.0 
0110111
163.6 150.2 142.2 145.4 164.0 165.0 130.4 91.6 102.2 126.8 
168.0 156.2 130.2 153.4 141.6 158.6 175.8 119.2 119.2 108.4 
107.0 146.8 120.2 134.4 165.8 136.2 153.6 141.0 151.0 188.0 
102.2 118.6 132.6 161.0 134.8 142.8 153.8 105.8 144.2 180.0 
126.2 160.6 117.0 152.4 118.0 169.6 143.2 134.0 155.4 182.6 
143.2 132.6 150.6 178.6 152.8 168.2 120.6 132.4 146.2 148.8 
137.4 161.6 124.2 166.6 176.2 136.8 134.2 140.8 171.0 195.4 
133.2 120.4 136.2 134.6 158.8 128.8 121.8 161.0 166.0 183.0 
146.0 133.0 148.2 149.4 163.2 114.0 94.4 155.6 159.6 167.0 
92.4 80.0 97.8 103.8 132.8 81.4 74.6 129.0 98.0 68.0 
0111000
144.0 135.0 170.33333 146.33333 154.0 110.666664 108.0 101.333336 146.33333 164.33333 
153.0 139.66667 180.33333 179.0 185.33333 88.333336 94.0 90.0 117.666664 122.333336 
156.66667 133.33333 173.33333 170.0 170.0 92.666664 51.333332 53.333332 117.666664 144.66667 
177.66667 141.66667 171.33333 142.0 124.666664 80.666664 105.333336 100.666664 140.33333 158.0 
151.66667 168.0 131.66667 80.666664 42.0 8.333333 36.333332 69.0 96.0 77.333336 
151.66667 159.66667 125.666664 90.333336 83.333336 71.333336 79.0 84.666664 106.333336 101.333336 
138.66667 91.0 108.333336 148.33333 124.333336 95.666664 99.333336 108.666664 143.33333 117.0 
88.0 112.666664 144.0 132.66667 109.333336 100.333336 82.666664 102.666664 86.0 128.66667 
114.0 146.66667 147.66667 158.66667 112.666664 91.0 140.66667 137.0 137.33333 112.0 
74.333336 96.333336 129.33333 91.333336 15.666667 89.333336 120.333336 137.33333 154.33333 145.33333 
0111001
148.0 167.0 168.5 211.0 172.5 96.5 100.0 117.5 153.5 160.5 
94.5 121.0 140.0 170.0 200.0 181.5 43.0 123.0 123.0 125.5 
98.0 102.0 107.5 132.5 139.0 132.0 53.0 95.5 121.0 109.0 
180.5 147.5 158.0 133.5 104.0 97.5 67.5 62.5 64.0 101.0 
72.0 93.0 103.0 111.5 105.5 87.0 97.5 64.0 60.0 101.0 
124.0 108.0 128.0 120.5 110.5 149.5 152.5 127.5 96.0 65.5 
90.5 130.5 144.0 136.5 133.0 137.0 122.5 160.0 148.5 130.0 
45.5 95.0 79.5 167.0 168.0 148.0 150.0 168.5 152.0 156.5 
146.5 175.5 140.0 75.5 90.0 129.0 138.5 146.5 125.5 128.5 
144.0 178.0 137.0 91.0 49.0 74.5 69.5 121.5 158.0 150.5 
0111010
41.0 80.0 32.5 41.5 40.5 44.0 34.0 47.5 161.0 155.5 
26.0 67.0 64.0 34.5 23.5 35.0 25.0 47.5 180.5 132.0 
43.5 58.5 69.5 62.5 48.5 35.0 34.5 51.0 163.5 144.5 
32.0 62.0 43.0 84.0 49.5 28.0 40.5 77.5 172.0 137.5 
38.5 46.0 60.5 79.0 30.5 46.0 34.0 77.5 168.5 125.0 
34.5 33.5 66.5 51.5 27.5 44.0 42.5 119.5 167.5 162.5 
60.5 48.5 41.5 49.0 58.0 37.0 30.5 95.0 120.0 120.5 
72.5 42.0 49.5 64.0 26.5 33.0 42.5 88.0 152.0 136.5 
91.5 37.0 51.5 28.0 38.5 45.0 47.0 156.5 168.5 118.5 
81.5 48.5 53.0 61.0 18.0 30.0 98.0 191.0 109.0 46.5 
0111011
42.0 47.0 35.0 26.333334 34.666668 29.333334 73.666664 82.0 71.0 72.0 
36.333332 20.333334 41.666668 26.0 46.0 24.333334 61.333332 45.666668 41.0 38.666668 
62.333332 35.333332 18.333334 19.0 10.666667 12.333333 26.333334 54.333332 52.333332 48.333332 
59.333332 54.0 27.333334 45.666668 21.0 23.666666 11.0 53.333332 48.666668 55.333332 
22.666666 28.0 24.0 33.666668 32.333332 9.0 12.333333 35.666668 62.666668 41.0 
51.333332 42.666668 22.333334 15.333333 4.0 14.666667 15.666667 2.3333333 40.0 36.666668 
61.0 45.666668 15.333333 31.0 27.0 34.0 45.0 22.0 34.0 49.666668 
49.333332 43.666668 26.666666 53.0 52.666668 73.333336 56.0 50.666668 52.0 29.333334 
41.333332 50.333332 38.0 56.333332 42.333332 76.333336 59.333332 75.0 77.333336 54.0 
125.0 90.0 81.333336 96.666664 70.666664 37.666668 46.666668 57.666668 60.333332 77.0 
0111100
154.75 152.5 166.0 174.0 176.75 137.0 117.5 89.0 106.5 86.0 
168.25 164.25 176.0 186.75 172.25 132.5 137.25 92.5 111.0 70.25 
165.0 175.0 163.0 190.5 179.5 155.25 122.25 105.5 89.25 81.0 
166.0 162.0 177.0 190.25 164.0 162.0 93.5 82.75 45.25 104.25 
179.5 163.25 177.0 201.0 176.0 151.75 70.75 68.0 76.5 143.25 
167.75 155.0 173.75 160.0 172.5 103.5 78.75 65.0 110.0 115.5 
178.75 160.5 194.0 182.75 166.25 63.75 68.0 76.0 96.25 117.75 
171.25 142.25 164.25 170.5 101.5 79.25 95.5 103.25 107.25 112.0 
149.5 162.5 135.75 129.25 79.0 94.0 83.5 76.75 99.5 65.25 
152.25 128.75 122.75 120.25 78.75 84.75 65.25 65.75 77.0 65.25 
0111101
113.0 83.5 112.0 139.5 167.5 166.5 177.5 196.0 175.0 150.0 
121.0 103.5 109.0 137.5 143.5 91.5 173.5 189.5 199.0 153.5 
130.0 153.0 161.5 162.5 128.5 68.0 91.0 156.0 160.5 130.0 
187.0 99.0 164.0 137.5 156.5 195.0 160.5 126.0 128.0 108.5 
175.0 177.5 132.0 110.0 194.0 219.5 206.0 152.5 156.0 130.5 
193.5 201.5 185.0 165.0 119.0 205.5 208.5 210.5 152.0 179.5 
214.0 205.5 201.5 180.0 109.5 148.5 209.5 181.0 165.5 187.5 
193.0 195.5 185.0 191.0 130.0 87.5 184.0 184.0 204.5 206.0 
177.0 221.0 211.5 230.5 174.5 120.5 106.0 202.0 190.5 154.5 
209.5 224.0 196.0 177.0 192.5 203.0 78.5 149.0 183.5 153.5 
0111110
11.75 22.0 34.5 19.5 34.25 48.0 35.25 44.0 74.5 46.0 
22.5 15.0 39.25 23.0 28.75 38.25 47.75 42.5 43.0 32.75 
8.0 6.75 21.25 9.25 31.25 26.5 18.0 76.0 75.5 59.25 
16.0 7.25 28.5 13.25 17.5 23.5 17.75 62.25 43.5 34.0 
15.0 8.25 22.5 13.75 28.5 15.0 35.75 70.75 56.0 36.25 
14.75 8.25 24.25 25.25 32.75 39.5 43.75 69.0 37.25 36.25 
22.5 14.5 31.0 15.5 24.0 28.5 41.75 66.0 32.75 25.0 
11.0 6.25 33.0 21.5 31.5 34.25 45.0 70.75 33.0 28.5 
8.75 7.75 26.0 14.0 28.75 29.25 16.0 40.25 30.5 22.5 
5.5 2.75 20.5 17.0 16.25 22.0 18.5 37.25 20.5 32.0 
0111111
170.5 156.16667 172.33333 182.16667 196.0 202.16667 203.16667 197.5 194.33333 197.66667 
170.0 169.0 187.33333 186.5 193.66667 205.16667 209.16667 207.83333 199.5 200.83333 
166.66667 164.83333 187.83333 193.83333 185.83333 194.16667 205.66667 206.83333 200.16667 206.66667 
180.83333 179.66667 185.83333 182.33333 185.16667 190.83333 192.5 203.0 209.83333 198.83333 
190.0 190.83333 190.66667 184.0 208.33333 202.83333 198.5 203.66667 206.83333 206.83333 
183.33333 190.0 200.16667 207.5 208.16667 206.66667 209.66667 209.0 208.33333 204.16667 
199.0 203.83333 207.5 210.33333 212.33333 212.5 210.33333 215.83333 211.0 209.33333 
193.16667 208.16667 208.83333 211.5 208.33333 215.66667 212.83333 213.0 217.0 206.33333 
187.33333 208.5 214.66667 209.5 211.66667 209.16667 209.33333 204.5 207.33333 205.0 
187.5 207.66667 208.5 210.66667 204.16667 202.5 208.83333 199.83333 211.5 210.83333 
1000000
59.4 81.8 75.4 114.4 98.8 76.0 113.6 144.2 139.4 128.6 
72.6 74.4 89.4 91.2 100.0 74.4 126.0 165.0 132.2 147.6 
70.0 80.2 71.4 78.4 94.8 83.0 115.0 146.4 151.2 153.8 
74.2 76.2 65.8 68.8 105.4 87.6 100.6 143.8 138.0 134.8 
83.8 79.4 70.6 76.6 74.2 76.2 115.2 143.0 119.8 122.2 
70.4 95.6 81.8 69.4 76.4 78.4 103.0 102.4 100.4 99.2 
80.6 60.8 89.4 91.8 71.6 68.2 115.0 107.4 102.0 78.4 
59.0 68.8 74.8 40.8 73.4 74.4 120.6 113.2 67.0 67.0 
54.4 44.8 54.0 34.8 57.2 92.4 71.6 99.2 82.4 88.6 
56.6 54.6 56.4 49.6 55.4 61.8 41.6 77.8 80.0 75.8 
1000001
104.5 67.0 64.0 32.25 61.25 103.5 135.5 118.0 60.75 59.25 
114.0 79.5 43.0 36.5 62.75 110.75 129.75 103.0 87.25 23.5 
110.0 95.25 41.0 29.0 82.25 141.5 121.5 103.25 68.25 37.75 
87.75 86.0 51.0 40.75 98.25 87.0 90.5 81.75 79.0 41.25 
94.0 61.0 53.25 67.5 77.0 35.0 48.25 67.5 94.0 32.0 
85.5 57.5 38.75 57.5 44.25 46.25 41.5 90.0 98.75 51.5 
40.5 49.25 40.5 48.0 25.0 33.0 43.5 60.0 98.25 68.25 
56.5 41.25 19.5 27.25 24.75 39.5 50.5 43.5 54.75 40.25 
59.75 66.75 45.0 35.0 35.5 50.0 44.75 54.25 70.5 43.5 
41.0 74.5 59.0 69.0 38.25 51.5 53.5 74.25 84.0 62.75 
1000010
109.5 156.0 146.0 156.75 168.5 127.75 174.5 152.0 159.25 138.0 
121.5 126.25 150.5 171.0 141.25 151.75 124.5 156.25 153.5 161.25 
106.5 162.0 175.25 105.25 165.0 177.0 149.0 152.75 167.25 168.75 
125.75 157.5 155.75 164.75 145.25 151.75 189.75 161.75 201.0 157.0 
76.0 141.5 140.5 164.75 144.0 172.0 155.5 144.75 181.75 175.5 
79.25 123.0 143.25 177.25 171.0 183.0 186.25 176.25 178.0 177.25 
54.0 82.0 145.25 171.5 147.5 159.0 173.0 142.0 176.75 203.25 
58.5 70.0 102.5 135.5 154.75 175.5 167.5 168.75 186.5 185.0 
72.25 109.25 93.25 110.0 154.5 177.75 187.25 168.75 179.75 188.75 
96.5 127.25 107.0 164.25 142.5 126.0 195.5 174.5 186.0 171.25 
1000011
109.75 123.75 77.25 155.75 162.5 213.25 175.5 152.25 115.5 95.0 
136.5 85.25 60.25 146.5 137.5 161.0 183.0 172.25 153.75 144.0 
126.25 107.5 91.5 190.75 192.25 159.5 170.0 183.0 176.75 125.0 
162.25 153.5 90.25 169.0 177.75 179.75 155.5 159.5 179.5 114.0 
163.75 186.5 100.0 154.0 168.25 205.0 179.75 172.0 204.0 129.75 
146.5 140.75 127.25 133.0 159.75 188.75 195.25 146.0 175.5 101.5 
193.0 150.5 103.0 137.5 143.25 143.25 154.75 129.0 151.75 113.0 
186.75 185.5 132.0 147.0 170.0 164.0 162.25 140.5 144.75 126.25 
170.5 163.75 162.75 158.5 146.0 169.25 173.5 171.0 170.75 116.25 
189.5 130.75 151.5 164.0 185.0 173.75 169.25 177.75 155.0 110.0 
1000100
116.0 103.333336 113.833336 103.5 95.833336 85.666664 91.5 98.833336 106.833336 100.166664 
98.333336 80.166664 103.666664 98.166664 98.833336 77.666664 88.5 93.166664 102.333336 92.5 
74.0 65.0 71.0 74.333336 73.5 59.5 76.333336 88.166664 97.166664 95.333336 
65.5 70.0 68.833336 72.833336 63.333332 52.166668 78.333336 66.166664 69.5 85.333336 
90.0 89.333336 87.833336 97.5 88.5 72.333336 103.333336 92.0 77.666664 70.666664 
94.333336 81.666664 76.333336 98.333336 82.333336 65.333336 95.166664 95.333336 82.0 80.666664 
102.666664 94.166664 82.666664 111.333336 92.166664 66.5 87.833336 88.333336 74.5 87.166664 
79.5 67.833336 78.5 93.333336 91.166664 60.0 91.833336 94.333336 77.833336 82.166664 
73.166664 64.666664 72.666664 89.833336 87.333336 61.166668 88.666664 83.166664 75.333336 83.166664 
73.5 78.0 76.166664 98.333336 89.166664 76.833336 91.166664 88.833336 80.166664 97.166664 
1000101
151.0 186.0 205.0 106.0 13.0 56.0 2.0 0.0 34.0 31.0 
169.0 155.0 4.0 7.0 50.0 29.0 47.0 71.0 49.0 16.0 
14.0 20.0 59.0 24.0 36.0 27.0 24.0 38.0 49.0 22.0 
11.0 7.0 15.0 0.0 9.0 7.0 14.0 18.0 21.0 0.0 
15.0 12.0 29.0 19.0 2.0 13.0 21.0 17.0 0.0 64.0 
30.0 13.0 0.0 15.0 25.0 20.0 19.0 3.0 113.0 198.0 
21.0 2.0 21.0 37.0 4.0 0.0 0.0 51.0 129.0 138.0 
13.0 24.0 20.0 29.0 11.0 5.0 39.0 37.0 70.0 11.0 
13.0 7.0 23.0 0.0 15.0 136.0 76.0 0.0 7.0 34.0 
22.0 30.0 3.0 6.0 103.0 213.0 176.0 69.0 0.0 6.0 
1000110
43.0 30.0 52.0 7.0 20.0 0.0 47.0 48.0 54.0 48.0 
29.0 94.0 95.0 150.0 71.0 116.0 69.0 77.0 28.0 24.0 
53.0 3.0 136.0 135.0 81.0 54.0 139.0 48.0 22.0 18.0 
38.0 36.0 28.0 2.0 31.0 1.0 38.0 102.0 69.0 48.0 
26.0 16.0 45.0 38.0 68.0 18.0 34.0 52.0 103.0 120.0 
10.0 10.0 22.0 20.0 14.0 17.0 24.0 14.0 31.0 36.0 
6.0 25.0 34.0 19.0 19.0 24.0 30.0 22.0 53.0 93.0 
9.0 20.0 29.0 21.0 13.0 13.0 28.0 39.0 34.0 27.0 
11.0 0.0 19.0 9.0 20.0 10.0 55.0 8.0 34.0 6.0 
18.0 12.0 8.0 16.0 13.0 17.0 29.0 0.0 53.0 29.0 
1000111
132.0 28.0 8.0 171.0 47.0 62.0 4.0 16.0 46.0 6.0 
171.0 87.0 10.0 34.0 109.0 27.0 0.0 41.0 30.0 16.0 
135.0 167.0 56.0 21.0 35.0 0.0 36.0 25.0 32.0 0.0 
188.0 182.0 91.0 16.0 7.0 36.0 32.0 13.0 23.0 10.0 
220.0 161.0 1.0 6.0 6.0 1.0 30.0 23.0 1.0 91.0 
97.0 7.0 12.0 24.0 39.0 7.0 12.0 14.0 0.0 113.0 
2.0 11.0 21.0 18.0 17.0 24.0 13.0 3.0 33.0 14.0 
29.0 37.0 7.0 29.0 49.0 9.0 0.0 19.0 46.0 42.0 
33.0 46.0 23.0 25.0 1.0 9.0 80.0 33.0 21.0 42.0 
20.0 17.0 0.0 15.0 0.0 99.0 202.0 101.0 26.0 14.0 
1001000
136.8 116.2 104.4 141.8 148.8 103.0 115.4 133.0 130.8 140.4 
132.2 114.2 101.0 141.8 120.0 128.4 124.4 120.4 138.4 142.8 
105.6 116.2 90.2 128.2 177.8 153.8 132.6 103.8 112.0 142.0 
111.4 91.4 104.4 77.4 125.6 158.0 146.4 117.8 147.4 141.0 
142.4 116.8 108.0 102.2 65.6 121.2 148.2 155.0 135.0 159.8 
141.6 163.0 122.8 128.4 94.8 85.8 123.0 127.0 134.6 132.0 
99.4 113.4 125.8 148.6 125.6 76.0 99.6 106.6 86.6 106.4 
110.2 130.2 147.0 136.4 141.0 130.4 85.4 82.4 61.8 76.2 
91.8 130.2 101.8 162.0 151.6 154.6 117.6 74.0 100.4 60.4 
134.6 136.8 104.0 139.2 126.6 169.2 136.6 68.2 96.2 80.4 
1001001
224.5 222.0 224.0 235.5 232.0 215.0 211.0 194.5 188.0 181.5 
229.5 229.5 240.5 235.5 233.5 218.5 205.5 195.0 180.0 182.5 
218.0 198.0 230.0 211.5 219.0 209.0 243.0 209.5 176.5 167.5 
228.0 208.0 195.5 228.0 210.0 196.5 213.5 226.5 192.5 163.0 
223.0 221.5 188.5 223.0 201.0 181.0 197.0 191.5 179.0 148.0 
223.5 216.5 229.5 183.5 210.0 210.0 204.5 220.0 190.0 207.5 
130.5 137.0 127.5 120.0 103.5 111.0 126.5 132.0 109.5 123.5 
149.0 150.5 137.0 151.5 91.0 121.5 109.5 135.0 137.0 110.5 
94.0 113.0 121.5 117.0 126.5 108.5 130.5 123.5 133.5 128.5 
86.0 109.0 161.0 142.0 162.5 121.0 127.5 178.0 125.0 104.5 
1001010
42.0 104.0 92.0 126.0 101.0 100.0 189.0 52.0 93.0 161.0 
131.0 105.0 94.0 56.0 0.0 136.0 143.0 76.0 73.0 0.0 
164.0 162.0 38.0 39.0 93.0 93.0 85.0 123.0 0.0 63.0 
53.0 19.0 59.0 115.0 116.0 0.0 50.0 40.0 62.0 78.0 
72.0 111.0 152.0 107.0 120.0 75.0 68.0 79.0 33.0 77.0 
187.0 95.0 45.0 45.0 32.0 127.0 89.0 117.0 119.0 50.0 
119.0 121.0 103.0 171.0 40.0 117.0 189.0 123.0 44.0 59.0 
29.0 38.0 77.0 40.0 126.0 178.0 165.0 170.0 88.0 105.0 
162.0 61.0 88.0 123.0 143.0 192.0 111.0 122.0 178.0 147.0 
94.0 39.0 124.0 83.0 98.0 123.0 164.0 190.0 173.0 199.0 
1001011
146.6 138.8 143.4 154.6 138.8 96.2 104.0 98.0 108.6 122.2 
100.2 126.2 149.2 158.2 131.4 159.8 87.8 108.8 96.4 100.2 
123.6 119.6 148.2 165.0 175.2 155.2 114.0 100.6 117.6 120.2 
101.8 96.4 51.6 33.0 39.0 51.8 62.2 67.4 58.4 63.6 
100.8 104.6 121.4 97.6 53.0 56.2 90.6 86.2 79.4 55.4 
93.2 101.6 127.6 133.2 130.0 74.0 89.8 110.2 103.6 80.0 
112.4 147.2 162.0 123.0 119.4 113.2 90.6 85.0 101.2 90.2 
140.8 148.6 168.6 161.0 156.2 132.0 114.0 76.8 97.0 146.4 
135.4 136.6 169.2 180.0 166.4 149.8 123.2 113.6 77.0 114.2 
113.6 140.2 170.2 178.0 172.6 166.0 112.2 117.4 95.4 130.4 
1001100
73.5 87.25 107.25 78.25 73.25 49.75 44.75 108.5 126.75 153.75 
64.75 104.0 89.25 101.25 60.25 32.0 65.0 126.75 119.25 123.25 
114.75 94.0 114.75 61.0 35.5 37.75 91.75 84.0 102.75 107.25 
117.0 116.75 90.75 44.75 20.0 60.75 104.75 119.5 95.25 108.75 
107.5 83.75 48.0 26.25 28.75 64.5 53.0 83.5 99.5 101.75 
66.75 41.5 7.0 14.25 43.25 74.5 104.0 143.75 152.5 128.75 
105.0 49.5 75.75 78.75 108.75 103.5 93.5 98.5 165.5 119.5 
80.5 83.75 67.75 101.0 137.25 135.25 111.0 115.5 89.75 84.0 
104.0 100.5 78.5 127.75 151.0 128.75 117.5 137.5 81.5 70.75 
92.5 52.5 85.0 86.25 101.5 119.5 133.5 148.75 126.0 124.0 
1001101
40.75 44.75 48.5 39.75 26.0 21.5 11.0 28.25 10.5 11.0 
21.25 15.75 30.25 29.25 26.0 23.0 13.0 24.25 20.75 14.25 
41.5 21.25 16.25 34.0 27.25 17.5 10.5 15.25 16.0 11.25 
23.0 20.25 17.75 30.0 28.25 12.75 8.5 10.75 11.5 5.5 
34.25 28.0 29.5 25.5 26.25 9.75 12.0 11.0 18.0 15.25 
23.25 16.25 23.25 21.0 26.75 20.75 30.75 27.0 35.5 22.25 
24.5 24.75 34.0 17.25 28.25 15.0 23.5 18.5 33.5 25.0 
43.5 36.5 44.5 51.0 37.5 25.0 34.5 31.25 36.75 24.0 
29.25 22.25 30.0 32.25 28.0 21.5 16.75 10.75 17.25 18.25 
31.75 27.25 30.5 28.75 20.5 21.25 24.75 26.5 36.5 36.5 
1001110
230.0 229.66667 203.0 207.0 232.33333 230.33333 225.0 224.66667 180.33333 129.33333 
218.33333 243.0 227.33333 218.0 226.33333 243.0 201.33333 191.0 195.33333 151.33333 
229.0 233.33333 242.0 204.0 205.33333 228.33333 208.66667 185.66667 186.0 161.0 
183.0 191.0 209.66667 228.33333 206.0 212.0 209.66667 142.33333 149.0 132.0 
181.0 180.33333 206.66667 209.0 191.33333 200.66667 172.66667 173.0 139.33333 125.0 
196.0 202.0 214.33333 233.66667 229.66667 222.66667 194.0 200.33333 171.66667 156.0 
72.666664 73.0 79.333336 73.0 78.333336 69.333336 70.333336 69.0 68.333336 62.0 
68.333336 95.0 86.666664 73.333336 79.666664 100.333336 94.333336 70.0 64.666664 55.0 
68.666664 90.0 95.0 98.666664 75.0 115.333336 104.0 101.666664 96.666664 87.333336 
75.333336 111.666664 110.666664 124.333336 97.0 131.66667 101.666664 102.333336 105.0 93.666664 
1001111
192.5 182.0 179.5 152.5 157.75 199.25 219.5 196.75 182.0 178.75 
173.5 180.75 180.25 157.5 188.25 180.25 193.5 198.5 196.5 159.25 
169.75 188.5 181.75 171.5 174.5 178.25 195.25 181.5 172.0 136.75 
153.5 191.75 184.25 162.75 142.0 161.5 208.25 190.0 179.75 93.25 
142.75 138.0 150.25 177.5 155.25 185.25 202.5 193.25 140.5 121.0 
195.5 160.0 159.5 164.5 140.25 152.5 178.0 158.75 138.5 116.75 
179.75 137.25 138.75 160.75 156.5 140.5 133.5 132.0 128.75 125.75 
146.25 187.75 125.5 106.5 136.75 104.0 100.75 124.0 128.5 154.5 
171.25 168.25 141.25 131.75 122.75 147.25 156.0 155.25 116.25 134.25 
153.0 140.25 153.25 149.0 166.25 164.25 127.25 172.5 119.75 47.0 
1010000
199.2 201.2 188.0 193.4 195.6 195.6 195.8 193.2 184.0 172.4 
192.6 193.4 189.0 184.2 182.6 189.6 189.2 193.2 198.0 172.0 
199.0 203.6 190.2 186.2 183.6 190.8 193.8 193.4 188.4 154.0 
201.6 197.6 197.0 185.8 186.8 183.2 187.8 184.2 166.2 164.8 
199.4 191.2 191.4 185.6 186.2 190.4 186.0 183.8 163.8 148.0 
192.8 187.6 185.4 187.8 189.0 191.2 186.4 174.4 162.8 123.2 
186.6 187.6 188.4 189.0 189.0 198.0 169.4 192.4 115.4 59.2 
186.8 189.0 189.8 191.6 198.4 180.0 190.4 163.8 74.6 35.0 
190.0 197.4 202.0 195.6 186.6 192.0 185.8 126.0 38.0 40.8 
201.6 200.4 186.2 188.6 164.6 193.2 143.6 97.0 48.8 54.4 
1010001
121.666664 141.0 92.0 32.333332 75.333336 53.666668 76.0 60.666668 34.333332 45.0 
115.0 93.0 78.333336 18.666666 40.666668 25.666666 44.0 40.333332 25.333334 62.333332 
107.666664 90.0 42.0 14.666667 25.333334 27.666666 29.0 28.0 14.0 41.333332 
77.0 78.333336 22.666666 38.333332 49.666668 30.666666 43.0 54.0 45.333332 43.666668 
103.0 95.666664 39.0 40.666668 30.666666 35.333332 55.333332 53.666668 48.666668 64.0 
116.666664 110.666664 69.333336 60.0 56.333332 71.666664 61.0 60.666668 56.0 41.0 
83.333336 58.666668 63.666668 88.666664 88.0 123.333336 128.66667 123.333336 98.666664 48.666668 
115.0 97.333336 99.666664 98.333336 90.0 88.666664 131.66667 111.666664 114.333336 88.0 
148.0 121.666664 94.333336 90.666664 73.333336 34.333332 70.333336 89.0 117.0 105.666664 
124.0 123.666664 109.666664 97.666664 89.0 65.333336 47.0 53.0 91.0 117.0 
1010010
199.75 160.25 179.25 196.5 179.5 175.25 193.75 185.0 166.5 162.5 
184.75 163.0 165.0 186.25 220.0 180.75 186.5 206.0 159.25 185.25 
156.75 163.0 169.75 189.25 210.0 204.25 178.5 194.5 181.25 186.5 
177.5 193.25 189.75 139.75 181.75 211.5 159.25 185.25 186.0 181.5 
174.25 190.25 180.75 164.25 163.75 149.25 163.25 168.5 180.0 150.5 
176.5 178.5 181.5 157.0 182.75 180.5 169.75 155.0 159.25 178.75 
177.0 148.5 163.0 151.75 197.0 182.0 196.0 167.5 142.5 138.75 
103.25 143.75 175.0 160.25 165.0 154.25 188.5 194.75 153.25 151.75 
128.75 83.75 168.75 129.0 163.25 178.0 153.25 162.0 177.75 144.75 
129.75 110.75 94.75 141.75 137.75 158.75 151.5 156.5 188.0 173.5 
1010011
144.0 166.5 144.5 113.75 148.0 142.0 138.5 96.25 110.25 134.5 
158.0 147.0 152.5 162.75 191.75 145.75 185.75 142.5 153.25 130.0 
172.5 140.75 139.75 174.0 176.25 160.25 188.25 149.25 180.75 126.25 
175.25 168.75 149.75 182.25 199.0 153.5 177.75 136.0 146.25 184.75 
176.75 171.25 162.5 169.25 195.25 139.5 128.75 162.5 185.75 187.0 
201.75 198.25 178.0 143.75 141.5 129.75 174.0 158.5 170.5 189.25 
192.75 181.5 178.0 161.75 168.5 156.25 189.5 196.0 188.25 183.5 
218.25 195.0 193.25 164.0 180.25 160.0 173.5 211.0 199.75 209.0 
165.25 187.25 143.25 136.75 174.0 163.75 182.25 200.0 198.25 202.5 
175.5 165.25 151.5 179.0 159.5 156.0 181.75 189.0 222.75 212.5 
1010100
112.5 115.5 104.0 141.25 124.25 132.25 133.25 104.0 85.75 122.25 
142.0 147.25 133.25 120.25 130.5 94.75 92.5 119.75 137.75 99.0 
67.0 103.0 148.5 164.25 142.75 178.5 128.0 128.25 109.0 141.75 
110.5 116.0 133.5 175.5 137.0 140.25 133.5 103.25 107.75 119.25 
90.5 103.5 131.5 138.0 133.0 87.75 148.75 153.0 158.5 118.5 
116.5 115.75 112.75 122.0 87.25 87.25 91.0 155.5 138.5 123.25 
102.0 128.25 124.75 156.75 131.5 109.5 22.75 75.0 84.75 91.25 
93.25 106.75 162.25 128.5 161.75 165.75 111.5 65.0 95.25 122.25 
120.75 119.5 158.25 155.0 182.5 156.0 164.0 89.75 115.5 182.5 
134.25 135.25 179.25 145.75 149.25 174.0 191.25 125.75 113.75 159.5 
1010101
119.333336 109.666664 88.0 62.0 70.0 58.333332 66.666664 56.333332 71.0 61.0 
97.666664 99.0 72.0 62.333332 70.333336 55.333332 61.666668 68.333336 94.333336 84.333336 
90.0 91.333336 90.333336 72.333336 80.0 78.666664 87.0 60.333332 38.666668 14.666667 
42.333332 48.666668 38.0 36.333332 39.666668 34.0 25.666666 27.666666 30.666666 23.0 
65.333336 52.333332 28.333334 22.333334 25.666666 29.333334 34.0 40.333332 45.666668 39.666668 
50.333332 46.666668 36.666668 37.666668 48.333332 62.0 75.666664 58.666668 50.0 43.333332 
49.333332 53.333332 38.666668 52.333332 63.666668 61.0 56.666668 52.666668 58.333332 44.0 
54.0 46.333332 65.0 58.0 56.0 52.0 50.0 38.0 47.666668 44.0 
66.333336 69.0 70.666664 59.333332 52.0 44.0 45.333332 47.333332 52.666668 48.333332 
64.0 53.333332 56.666668 47.0 46.333332 41.666668 43.0 43.666668 47.666668 39.333332 
1010110
110.875 76.875 50.5 64.875 43.25 48.25 57.125 42.875 57.5 71.0 
94.875 51.625 63.0 49.75 52.625 58.125 52.625 45.5 46.0 45.625 
62.5 72.125 71.5 60.75 49.375 48.25 52.5 43.5 37.125 42.125 
66.125 72.0 63.75 58.875 54.375 49.375 45.0 48.625 33.5 42.125 
62.5 80.125 69.875 49.875 55.875 52.0 48.125 48.75 45.5 45.625 
68.125 74.75 61.375 62.5 51.625 67.25 60.375 53.625 51.75 44.125 
73.25 60.5 62.25 63.125 68.5 72.875 51.125 56.5 68.5 43.875 
73.25 63.625 63.125 68.0 77.125 77.25 65.875 60.5 67.125 44.125 
90.25 63.5 61.125 67.875 90.25 88.125 75.375 58.75 59.25 48.75 
70.25 71.375 65.125 84.625 105.75 90.75 69.375 64.5 64.0 39.5 
1010111
66.25 69.75 72.0 59.25 88.5 71.0 131.75 164.75 161.0 144.25 
77.25 66.5 100.5 64.0 91.25 51.5 141.5 178.75 158.75 142.5 
89.25 83.0 98.25 85.25 78.0 78.75 154.5 188.0 184.5 148.0 
80.75 72.75 68.25 54.25 69.0 58.0 157.75 185.5 188.75 148.5 
89.5 79.5 76.25 98.75 91.75 84.25 169.75 181.0 184.25 173.75 
82.0 66.25 69.5 81.75 77.5 63.25 161.5 193.5 191.75 161.5 
75.0 70.0 67.5 74.0 59.0 68.5 155.0 182.0 171.5 152.5 
82.25 80.5 77.75 74.5 46.5 36.25 151.25 185.25 183.25 170.5 
82.0 92.75 68.75 68.75 77.5 73.0 178.75 206.25 199.5 171.5 
89.0 99.25 95.0 87.25 90.5 75.75 174.75 200.75 192.25 174.75 
1011000
130.375 146.75 124.75 135.375 152.75 159.0 155.5 149.625 153.5 154.0 
137.875 131.5 152.875 133.125 125.625 160.5 160.125 164.625 163.75 174.125 
143.125 122.75 143.875 114.5 121.0 137.625 151.75 165.625 176.25 177.125 
151.0 114.5 119.5 109.0 114.875 127.875 137.625 145.375 162.75 157.75 
131.0 134.625 117.25 136.125 123.875 121.875 146.125 157.5 156.125 162.0 
143.25 148.25 150.75 118.0 140.0 117.5 128.0 135.0 152.25 150.5 
168.625 144.25 143.625 156.625 155.75 165.125 144.5 120.375 141.0 152.375 
142.75 152.25 161.875 158.625 173.0 149.25 162.125 166.625 157.5 142.5 
162.875 164.625 158.125 153.25 170.75 155.0 158.25 159.125 166.25 157.625 
156.125 160.375 159.75 161.25 170.25 145.0 160.625 172.125 162.75 167.875 
1011001
127.0 136.8 128.0 110.8 86.6 85.8 71.4 106.8 101.6 110.2 
131.0 144.6 95.4 117.6 95.4 107.2 98.2 142.2 117.8 131.6 
141.8 142.4 75.8 110.2 94.6 96.6 93.0 125.2 118.0 134.6 
148.8 128.6 48.2 106.0 113.4 104.4 106.4 157.2 145.0 150.0 
146.4 89.6 44.8 110.8 81.4 102.6 104.8 144.2 149.6 111.6 
100.4 68.0 44.4 101.4 83.4 92.6 86.8 134.2 98.2 87.2 
67.2 73.4 53.0 117.8 108.2 119.0 92.0 98.4 86.0 90.6 
76.2 105.6 64.2 129.8 115.0 131.8 84.8 83.2 107.0 96.8 
110.2 100.4 69.0 116.0 117.0 104.0 78.8 72.4 101.6 100.0 
103.6 102.8 111.8 123.8 115.2 104.6 97.6 95.0 94.6 87.8 
1011010
168.75 113.25 130.75 124.75 144.25 171.75 171.0 156.25 172.75 165.5 
161.0 162.25 160.5 152.75 154.5 160.0 166.25 170.5 186.25 148.5 
162.0 184.5 160.25 148.5 155.5 189.0 166.5 143.25 168.5 152.25 
180.75 154.75 162.75 145.0 168.0 192.25 183.25 170.5 175.25 178.75 
177.25 155.75 161.25 156.75 166.25 192.25 175.75 189.5 196.25 176.75 
138.0 139.5 139.0 136.75 153.25 176.75 188.25 175.75 179.75 206.5 
106.5 120.5 113.25 146.0 132.25 162.5 171.25 184.0 202.25 196.25 
83.0 63.75 104.75 99.5 150.25 128.75 158.0 172.75 190.5 194.5 
143.0 89.25 89.5 87.0 84.25 127.5 125.0 155.25 184.25 183.75 
130.5 97.0 96.25 141.5 84.25 118.25 126.5 152.0 170.75 176.75 
1011011
84.0 67.0 130.0 137.0 138.0 97.0 106.0 137.0 34.0 31.0 
106.0 60.0 89.0 117.0 122.0 18.0 74.0 139.0 11.0 19.0 
101.0 41.0 11.0 88.0 117.0 2.0 98.0 111.0 0.0 67.0 
99.0 66.0 0.0 91.0 123.0 16.0 47.0 147.0 132.0 100.0 
74.0 53.0 33.0 49.0 157.0 134.0 80.0 128.0 150.0 180.0 
54.0 114.0 112.0 92.0 124.0 157.0 136.0 175.0 171.0 157.0 
74.0 63.0 159.0 164.0 169.0 154.0 173.0 174.0 140.0 113.0 
98.0 51.0 167.0 147.0 167.0 176.0 172.0 177.0 173.0 146.0 
76.0 74.0 174.0 169.0 173.0 185.0 172.0 182.0 203.0 159.0 
96.0 55.0 173.0 166.0 199.0 170.0 154.0 139.0 140.0 32.0 
1011100
50.0 77.5 85.5 105.5 83.5 92.5 78.0 76.0 80.0 84.0 
28.5 31.0 39.0 47.5 51.0 57.0 43.5 40.5 54.0 57.0 
71.5 58.0 84.0 90.0 91.0 93.5 70.0 75.5 94.5 79.0 
92.0 62.5 73.0 73.5 58.5 67.0 63.5 74.0 95.5 61.5 
76.0 55.0 87.5 87.5 54.0 51.5 60.0 73.0 109.0 74.0 
70.0 43.0 111.5 87.5 36.5 28.5 79.0 81.5 110.0 72.0 
74.5 33.0 105.5 94.0 27.5 63.0 66.5 71.5 103.5 58.0 
80.5 36.5 113.5 81.5 39.0 79.0 73.0 74.5 96.0 48.0 
71.5 38.5 94.5 78.5 70.0 85.0 76.0 82.0 86.5 55.5 
67.0 50.0 83.0 77.0 90.0 106.5 87.0 77.0 80.0 55.5 
1011101
46.857143 50.42857 45.0 53.857143 52.57143 44.142857 52.857143 52.714287 59.857143 59.142857 
58.57143 56.857143 56.142857 51.714287 52.714287 46.42857 53.857143 47.857143 58.0 60.714287 
58.857143 48.857143 72.57143 74.0 70.42857 47.0 48.57143 58.0 60.142857 52.42857 
68.0 61.0 78.0 93.57143 55.57143 41.0 35.57143 42.714287 66.14286 50.285713 
69.28571 51.857143 44.0 51.57143 38.285713 43.714287 40.285713 47.42857 55.285713 43.285713 
56.285713 38.857143 42.142857 45.0 36.57143 46.57143 38.857143 63.42857 54.285713 42.42857 
47.142857 40.714287 48.57143 38.0 34.57143 36.142857 28.571428 45.57143 32.285713 44.142857 
40.142857 39.857143 25.857143 33.714287 20.285715 33.142857 36.285713 47.57143 40.57143 38.285713 
31.857143 36.0 38.142857 31.0 30.571428 30.142857 30.571428 37.857143 39.42857 40.42857 
31.714285 43.42857 55.57143 31.142857 30.0 30.285715 35.42857 35.285713 31.571428 27.285715 
1011110
61.0 79.0 114.0 130.0 138.0 135.0 126.0 112.0 114.0 77.0 
117.0 135.0 210.0 189.0 191.0 181.0 192.0 215.0 195.0 204.0 
148.0 118.0 119.0 144.0 161.0 170.0 150.0 172.0 153.0 153.0 
107.0 16.0 98.0 107.0 90.0 138.0 114.0 99.0 99.0 113.0 
60.0 79.0 84.0 57.0 63.0 32.0 66.0 143.0 165.0 123.0 
201.0 205.0 149.0 66.0 72.0 115.0 153.0 174.0 220.0 214.0 
237.0 222.0 72.0 60.0 79.0 126.0 119.0 133.0 178.0 156.0 
68.0 49.0 53.0 78.0 101.0 88.0 72.0 133.0 149.0 141.0 
9.0 1.0 87.0 73.0 68.0 51.0 59.0 57.0 100.0 99.0 
33.0 50.0 17.0 79.0 85.0 92.0 89.0 81.0 74.0 98.0 
1011111
52.0 51.0 50.666668 44.166668 42.0 48.5 78.166664 99.0 102.166664 111.333336 
42.5 56.5 52.166668 35.666668 43.5 48.333332 85.0 93.5 109.5 115.166664 
65.0 42.166668 22.833334 35.0 47.333332 50.5 82.166664 113.666664 131.5 140.66667 
45.5 31.833334 30.5 39.833332 40.833332 51.166668 76.333336 92.333336 126.0 115.5 
42.333332 36.833332 40.5 47.5 56.0 75.666664 107.333336 101.666664 124.833336 90.666664 
47.833332 43.166668 45.5 38.333332 48.166668 49.666668 83.666664 87.166664 90.833336 85.333336 
47.0 38.333332 42.666668 46.333332 45.166668 45.666668 64.166664 61.666668 78.666664 60.333332 
33.5 30.5 35.0 46.5 29.333334 47.0 48.833332 69.333336 76.5 49.833332 
35.333332 24.833334 27.333334 36.666668 36.0 57.5 67.0 76.166664 86.5 65.0 
46.666668 36.166668 38.666668 45.166668 29.666666 56.0 79.333336 77.5 95.833336 82.5 
1100000
114.166664 106.166664 143.66667 135.66667 150.16667 160.0 149.33333 148.0 147.66667 124.5 
108.333336 115.166664 138.0 118.333336 151.5 174.33333 136.16667 142.5 143.5 133.16667 
98.666664 97.666664 140.33333 172.0 171.33333 171.83333 157.66667 152.16667 154.16667 148.5 
91.166664 101.166664 144.66667 170.0 167.16667 185.66667 145.16667 146.66667 158.33333 146.16667 
88.0 101.666664 143.0 161.0 175.0 171.66667 135.33333 142.16667 151.66667 124.166664 
89.0 84.5 93.666664 128.66667 128.16667 133.66667 132.66667 139.5 151.66667 125.166664 
96.5 65.666664 70.333336 65.333336 81.0 88.166664 90.666664 86.5 90.5 63.0 
110.833336 85.833336 87.833336 78.333336 88.666664 100.0 94.5 97.5 90.333336 66.333336 
91.666664 92.166664 95.833336 97.0 93.333336 107.333336 124.833336 97.5 90.5 83.166664 
67.333336 82.5 97.333336 104.666664 90.166664 100.666664 93.5 51.666668 66.0 85.0 
1100001
181.8 180.2 182.6 180.26666 183.4 181.26666 180.46666 181.86667 181.26666 182.53334 
178.8 181.13333 182.66667 179.93333 181.86667 182.73334 179.86667 181.73334 180.73334 182.6 
179.53334 181.4 178.93333 181.8 181.93333 181.46666 181.26666 182.33333 182.13333 181.53334 
177.13333 181.93333 181.33333 181.06667 181.2 182.13333 183.06667 183.0 184.8 183.4 
179.46666 181.53334 182.26666 182.73334 184.2 183.53334 183.46666 183.6 182.13333 181.93333 
181.73334 184.8 183.26666 184.13333 184.0 183.8 184.13333 183.73334 182.13333 180.33333 
185.06667 184.13333 182.86667 186.13333 186.6 185.0 182.86667 182.93333 183.73334 183.4 
185.4 185.0 185.6 184.86667 187.33333 184.13333 184.33333 184.53334 182.86667 180.2 
186.33333 184.8 183.0 183.4 184.46666 186.8 184.86667 184.2 183.86667 183.2 
183.06667 183.06667 183.6 186.73334 184.2 185.2 186.2 185.66667 183.06667 184.0 
1100010
143.8 150.4 141.4 113.4 121.4 135.2 124.0 108.6 109.0 127.0 
156.2 138.4 138.4 100.2 96.6 113.2 121.8 101.6 122.6 126.0 
142.8 134.6 130.6 121.0 144.2 118.4 115.8 112.6 124.4 113.6 
96.4 137.0 128.8 130.2 131.4 115.6 120.8 139.4 136.2 127.6 
122.4 146.4 136.0 129.4 138.6 111.6 133.8 106.8 115.6 110.8 
150.6 172.0 143.6 152.2 142.6 131.8 121.4 120.0 123.4 126.6 
170.2 152.2 129.4 139.6 139.8 139.2 131.6 128.4 114.6 80.4 
170.6 160.2 150.8 163.6 108.4 123.2 118.4 124.4 110.2 74.8 
197.0 174.4 131.0 123.2 130.0 133.0 115.2 134.4 102.4 103.0 
169.8 177.6 137.4 157.8 158.8 136.4 123.8 133.4 120.2 131.6 
1100011
28.5 64.0 43.0 39.5 27.0 39.5 37.5 43.5 29.0 19.0 
36.5 46.5 28.5 19.0 16.5 18.0 13.0 9.0 25.5 3.5 
42.5 39.0 41.0 32.5 46.5 38.5 28.5 21.0 31.5 14.0 
20.5 24.0 28.0 8.5 14.5 15.0 12.5 12.0 17.0 11.5 
43.5 40.0 35.5 25.0 8.0 38.5 40.0 39.0 21.0 6.0 
21.5 44.5 47.0 36.5 10.5 35.0 24.0 13.5 28.5 13.5 
28.5 45.5 41.5 36.5 25.5 41.0 42.5 27.0 25.5 15.0 
36.5 33.0 21.5 27.0 38.0 40.5 48.5 45.5 31.5 21.0 
37.5 55.0 61.0 57.5 58.0 46.0 54.5 51.5 49.0 33.5 
72.5 50.0 57.5 77.0 35.5 27.5 54.0 43.0 49.5 32.5 
1100100
136.0 104.0 161.0 177.0 184.0 185.0 161.0 155.0 170.5 174.5 
125.5 77.5 157.5 174.0 167.5 186.0 191.5 187.5 180.0 186.0 
103.0 54.0 115.5 157.5 179.5 173.0 174.0 170.5 156.0 185.0 
111.0 138.0 156.0 132.5 171.5 166.5 190.5 197.5 196.0 200.5 
171.0 172.5 106.5 140.5 170.0 187.5 182.5 183.0 187.0 181.5 
132.5 178.0 158.5 172.5 157.5 173.0 194.0 201.5 213.0 201.5 
188.5 166.5 185.0 158.0 179.5 198.0 200.5 206.0 204.0 199.0 
184.0 190.5 211.0 177.0 193.5 201.0 216.5 220.0 217.5 212.0 
165.0 189.5 183.5 167.5 214.5 224.0 219.0 220.0 218.0 214.0 
199.0 228.0 196.0 187.0 208.0 219.5 220.5 221.0 219.0 215.5 
1100101
170.5 119.5 152.0 128.0 183.5 203.0 203.0 180.0 178.0 189.5 
110.0 144.5 176.0 91.0 174.5 184.0 168.5 165.5 147.0 185.5 
162.5 125.0 184.0 151.5 156.5 146.5 162.5 176.5 163.0 191.0 
180.0 179.0 142.0 186.0 235.0 232.5 196.0 132.5 124.5 140.0 
130.5 137.0 168.5 147.0 207.5 216.0 230.0 210.5 203.0 111.5 
84.0 182.0 175.5 204.5 139.5 200.0 207.0 198.0 175.0 165.0 
128.0 136.0 122.0 187.5 196.5 136.0 245.0 163.0 136.0 149.5 
178.5 95.0 73.5 158.5 171.0 119.0 118.0 153.5 219.5 194.5 
217.0 146.0 122.0 102.0 103.5 163.5 165.0 126.5 146.5 111.0 
203.0 139.0 37.5 150.0 174.5 162.0 120.0 138.0 160.0 185.0 
1100110
160.0 159.0 89.0 130.0 201.0 186.0 177.0 176.0 156.0 169.0 
192.0 80.0 120.0 122.0 133.0 117.0 154.0 171.0 175.0 86.0 
79.0 117.0 220.0 198.0 172.0 164.0 111.0 130.0 145.0 142.0 
136.0 130.0 208.0 211.0 162.0 168.0 222.0 143.0 118.0 105.0 
166.0 136.0 173.0 216.0 191.0 163.0 194.0 109.0 154.0 108.0 
200.0 121.0 194.0 215.0 214.0 219.0 218.0 143.0 136.0 109.0 
251.0 140.0 195.0 173.0 173.0 97.0 117.0 124.0 55.0 147.0 
102.0 79.0 62.0 101.0 131.0 204.0 143.0 183.0 169.0 144.0 
179.0 216.0 215.0 211.0 241.0 209.0 182.0 121.0 162.0 100.0 
142.0 191.0 176.0 199.0 196.0 182.0 177.0 177.0 74.0 142.0 
1100111
51.0 24.0 47.5 47.0 13.0 6.0 13.5 17.5 37.0 33.5 
73.0 29.5 56.5 28.0 39.5 43.5 49.5 46.5 50.5 33.0 
54.5 49.5 85.0 45.5 42.5 16.0 20.0 22.5 23.0 10.5 
90.5 69.0 21.0 5.5 22.0 13.0 25.5 20.5 15.0 18.0 
50.5 46.0 8.5 18.0 23.0 11.0 7.5 23.0 5.5 46.5 
94.0 49.0 9.0 6.5 14.0 11.5 2.0 24.5 17.5 77.0 
34.5 8.0 16.5 16.5 18.5 19.0 17.0 27.5 51.5 64.5 
26.5 10.5 8.5 21.0 20.0 30.0 38.5 25.0 74.0 81.0 
12.5 27.0 24.5 25.0 42.5 53.0 55.5 82.5 87.0 36.0 
41.5 38.0 43.5 50.5 48.0 46.5 28.5 110.5 78.5 52.5 
1101000
166.75 185.0 184.75 130.5 157.0 166.0 101.0 128.0 134.0 105.0 
178.25 167.75 159.5 187.0 159.5 144.75 103.5 129.25 96.0 98.75 
191.0 196.0 174.5 153.0 172.25 119.0 83.25 115.25 104.75 78.5 
190.75 189.0 203.25 215.75 200.25 157.75 92.25 99.0 115.25 92.0 
186.25 179.5 173.5 215.5 194.5 164.5 156.0 104.75 124.5 104.5 
171.0 162.75 162.0 201.25 183.0 172.5 146.5 144.5 86.25 70.25 
172.75 168.5 173.25 166.5 173.0 165.0 147.0 151.5 106.0 53.25 
156.25 182.25 181.5 175.0 186.0 163.5 145.5 164.75 108.25 81.75 
98.0 142.25 179.25 172.0 192.25 164.5 170.0 138.25 132.0 67.5 
105.5 134.5 141.5 171.25 168.5 165.75 159.0 148.0 142.0 57.0 
1101001
84.5 56.5 71.0 53.5 73.5 63.0 106.0 98.0 38.0 48.0 
83.5 89.5 47.5 40.0 69.0 141.0 95.0 107.0 101.0 37.0 
88.0 92.5 52.0 43.0 162.5 149.0 140.5 152.5 115.0 53.0 
92.0 82.0 47.5 85.5 116.5 106.0 114.5 137.5 112.0 51.5 
113.0 59.5 80.0 107.0 135.0 134.0 100.0 92.5 109.5 64.0 
102.5 64.0 94.0 124.0 166.5 168.5 122.5 116.0 118.0 63.5 
31.5 19.5 84.5 59.5 98.0 118.0 132.0 132.0 104.0 85.0 
25.5 28.0 83.5 16.5 91.5 115.5 106.0 113.5 90.0 73.0 
33.0 18.5 111.5 89.0 120.5 104.5 106.5 126.0 83.5 74.5 
41.0 53.0 83.5 61.5 149.5 132.0 125.5 148.0 88.5 79.0 
1101010
77.333336 79.666664 68.666664 52.0 53.666668 82.333336 73.333336 81.666664 78.0 55.333332 
42.666668 64.333336 67.666664 78.0 84.0 84.666664 83.0 59.333332 111.666664 93.0 
38.333332 97.333336 69.0 44.666668 67.666664 50.0 50.0 53.333332 54.333332 55.333332 
93.0 92.0 78.333336 67.333336 41.666668 65.0 96.666664 86.333336 64.0 120.0 
114.0 107.333336 109.0 114.333336 116.333336 135.0 134.0 158.0 135.0 132.0 
158.33333 174.66667 127.333336 162.0 147.0 111.333336 131.66667 157.33333 118.0 145.0 
170.66667 180.66667 141.0 134.66667 138.66667 153.66667 123.0 161.66667 118.666664 130.0 
154.33333 172.0 180.33333 157.66667 147.33333 136.66667 115.333336 160.33333 126.666664 165.0 
146.33333 151.33333 136.0 126.333336 143.33333 172.66667 128.0 147.33333 131.0 166.66667 
146.33333 105.333336 149.66667 139.66667 155.33333 161.33333 135.0 139.0 162.66667 153.0 
1101011
11.0 25.0 11.333333 30.666666 34.666668 57.0 103.666664 112.0 121.666664 161.33333 
13.666667 33.666668 10.0 35.333332 33.333332 62.0 100.666664 176.0 129.66667 149.66667 
7.3333335 23.0 19.666666 33.0 11.666667 79.666664 111.0 142.33333 122.0 183.33333 
11.0 28.333334 21.666666 10.0 4.0 83.333336 127.0 109.0 108.666664 126.666664 
25.0 22.333334 29.0 17.0 11.666667 51.333332 156.66667 161.33333 123.666664 71.666664 
19.0 28.333334 21.666666 17.0 28.0 86.0 171.66667 162.66667 102.333336 35.0 
11.666667 31.0 25.333334 26.0 28.333334 124.333336 150.66667 160.0 86.666664 56.0 
16.333334 24.333334 29.333334 27.333334 50.333332 101.0 114.666664 137.33333 82.333336 67.333336 
18.333334 25.0 29.666666 41.0 54.333332 86.333336 126.0 107.0 75.333336 61.0 
12.666667 15.666667 28.666666 65.666664 44.0 90.333336 146.66667 100.333336 74.0 79.333336 
1101100
218.5 216.5 214.25 215.5 213.0 211.75 210.0 208.75 207.5 206.5 
214.0 214.75 212.75 215.25 210.5 209.5 208.5 206.75 205.5 205.0 
207.5 208.75 207.5 206.5 207.25 207.0 204.5 203.25 201.5 200.0 
207.0 202.5 188.25 195.0 203.0 202.75 202.0 200.5 199.25 198.0 
201.75 208.5 204.75 202.0 200.25 199.75 200.0 198.75 197.25 196.5 
205.25 206.25 199.0 203.75 200.75 200.5 199.0 197.75 196.75 196.25 
201.5 202.5 201.25 202.25 203.5 203.25 199.75 198.75 198.0 197.25 
206.25 209.75 207.0 209.5 204.5 204.75 201.25 200.25 199.25 199.0 
200.5 198.25 202.5 202.0 200.5 200.25 200.0 199.0 198.0 196.75 
202.5 196.0 198.5 198.0 197.75 197.0 200.0 199.25 198.75 198.0 
1101101
77.5 22.5 8.0 29.5 137.0 193.5 188.0 151.5 202.5 175.5 
65.5 23.5 7.5 117.0 154.0 191.0 181.0 162.5 137.0 141.5 
25.0 24.0 36.0 156.5 167.5 157.5 136.5 148.5 156.0 111.0 
35.5 16.0 94.5 142.5 167.5 144.0 120.0 41.0 50.0 91.0 
22.0 97.5 147.0 115.0 94.5 47.5 93.0 117.0 135.5 151.5 
77.0 76.0 70.5 99.5 118.5 161.5 172.0 168.5 166.5 168.5 
61.5 77.0 121.0 190.5 200.5 167.0 174.0 172.5 183.5 173.0 
64.0 130.0 180.5 137.0 166.0 198.0 163.5 168.5 166.0 176.0 
78.0 164.5 148.0 190.0 198.5 150.0 151.5 142.0 156.5 163.0 
103.5 95.0 95.5 180.0 148.0 201.0 168.5 159.5 189.5 160.0 
1101110
67.0 42.0 20.5 55.5 15.0 36.0 34.0 10.0 26.0 10.0 
74.5 63.5 2.5 4.0 15.0 29.5 21.0 23.5 20.5 19.5 
63.0 18.5 17.5 35.0 33.0 22.5 25.5 10.0 25.0 4.0 
97.0 9.0 18.5 37.5 49.0 18.5 39.5 36.5 73.5 77.5 
54.0 27.0 31.5 36.5 40.0 20.5 32.5 11.5 72.5 67.5 
30.5 32.5 39.5 34.0 21.5 10.5 28.5 14.0 64.5 64.0 
15.5 53.0 39.5 5.0 11.0 26.5 17.5 15.0 60.5 70.0 
0.5 25.5 23.0 7.0 17.5 26.5 12.0 12.5 59.0 75.0 
12.5 9.5 14.5 14.0 20.0 21.0 4.5 9.5 54.0 73.0 
5.0 13.0 16.0 19.5 21.5 25.0 15.5 23.5 63.0 73.5 
1101111
95.0 142.5 181.0 128.5 13.0 40.5 100.0 94.5 161.0 174.5 
39.0 91.0 151.5 84.5 68.5 83.0 109.0 119.5 177.0 172.0 
96.5 141.5 158.0 82.5 95.5 69.5 77.5 125.0 167.5 184.0 
116.0 134.0 123.5 55.5 76.0 77.5 90.5 162.5 156.5 134.0 
28.0 108.5 0.0 28.0 29.5 63.0 126.0 133.0 152.5 96.0 
37.5 71.0 21.0 24.5 21.5 24.0 75.5 94.5 80.5 97.0 
51.0 62.5 2.0 21.5 27.0 19.5 109.0 56.0 30.5 35.0 
33.5 52.5 29.0 20.5 23.5 58.0 75.0 74.5 12.0 79.5 
17.5 28.0 27.5 17.0 23.5 79.0 68.0 22.5 60.5 140.5 
15.5 26.0 32.5 20.5 30.0 56.0 9.0 11.0 114.5 139.0 
1110000
120.333336 113.333336 94.666664 170.0 148.66667 113.0 131.66667 94.0 69.666664 66.0 
103.333336 145.0 120.666664 144.66667 153.66667 162.66667 106.666664 93.333336 44.0 94.666664 
134.66667 147.0 129.66667 117.333336 142.33333 145.33333 100.0 69.0 67.0 90.0 
141.0 126.666664 137.33333 124.666664 153.66667 113.666664 86.0 41.0 47.666668 83.333336 
139.0 147.66667 105.333336 131.66667 129.33333 84.666664 62.666668 38.333332 64.333336 52.0 
132.0 143.66667 130.33333 149.0 96.333336 98.0 53.333332 57.333332 52.333332 72.333336 
91.333336 143.66667 76.333336 63.0 50.0 55.0 29.333334 69.0 97.666664 90.0 
92.333336 109.333336 84.0 65.666664 44.666668 52.666668 19.333334 114.0 93.333336 86.333336 
94.0 105.666664 90.333336 87.666664 61.0 59.0 64.666664 107.0 77.333336 152.33333 
73.666664 76.0 73.666664 95.0 56.333332 100.333336 77.666664 105.333336 114.333336 146.0 
1110001
187.33333 188.33333 193.66667 179.0 82.666664 118.333336 113.666664 121.0 81.666664 186.66667 
188.33333 173.33333 195.33333 141.66667 106.333336 145.33333 129.0 119.0 105.333336 157.0 
167.33333 165.0 177.0 76.0 50.666668 59.333332 68.666664 85.0 149.66667 129.0 
178.66667 190.0 149.33333 70.333336 78.333336 66.0 48.333332 131.33333 96.0 125.333336 
173.66667 151.33333 128.66667 75.333336 63.333332 56.666668 117.333336 80.666664 104.666664 111.333336 
169.66667 151.33333 149.33333 78.333336 88.666664 111.333336 113.0 70.333336 85.666664 117.0 
150.33333 137.0 66.0 99.666664 115.666664 114.0 84.0 112.333336 93.666664 101.333336 
129.0 130.0 116.666664 92.666664 149.33333 52.666668 83.666664 114.333336 102.0 126.333336 
101.666664 108.0 130.66667 160.33333 93.0 63.666668 95.666664 93.666664 93.333336 84.666664 
110.333336 144.33333 130.33333 120.666664 90.333336 81.333336 122.333336 91.333336 57.666668 67.666664 
1110010
19.0 29.0 15.0 23.0 0.0 6.0 0.0 4.0 12.0 61.0 
20.0 0.0 25.0 32.0 13.0 11.0 0.0 17.0 17.0 34.0 
15.0 9.0 19.0 23.0 13.0 9.0 0.0 22.0 21.0 9.0 
0.0 7.0 10.0 3.0 6.0 8.0 0.0 19.0 28.0 14.0 
8.0 8.0 12.0 0.0 3.0 10.0 3.0 6.0 27.0 30.0 
28.0 24.0 8.0 0.0 0.0 1.0 5.0 0.0 13.0 25.0 
17.0 12.0 0.0 0.0 2.0 0.0 25.0 16.0 23.0 23.0 
3.0 9.0 0.0 11.0 20.0 11.0 59.0 60.0 56.0 41.0 
46.0 58.0 60.0 15.0 23.0 5.0 25.0 12.0 0.0 4.0 
37.0 26.0 0.0 0.0 36.0 0.0 22.0 6.0 0.0 5.0 
1110011
189.66667 176.66667 190.66667 172.66667 196.66667 194.0 194.33333 184.66667 181.0 172.33333 
178.66667 174.33333 187.0 182.0 185.0 165.0 193.66667 188.33333 178.0 180.0 
179.0 173.33333 190.0 187.33333 167.33333 147.33333 184.0 187.66667 188.66667 174.33333 
175.66667 170.0 184.66667 172.0 177.33333 181.0 182.66667 190.66667 181.66667 184.0 
167.0 163.66667 179.33333 172.66667 179.0 189.33333 171.66667 167.66667 168.66667 172.0 
163.33333 163.66667 165.33333 157.66667 173.0 167.0 179.33333 175.66667 172.66667 173.33333 
136.66667 143.66667 145.66667 155.0 155.33333 155.0 156.33333 164.66667 164.66667 161.0 
35.666668 33.666668 24.0 35.0 32.333332 36.333332 44.666668 42.0 39.333332 46.0 
137.0 126.0 139.0 128.0 139.0 138.33333 137.66667 127.333336 126.333336 122.333336 
157.66667 143.33333 150.66667 154.66667 152.0 162.0 159.66667 166.0 169.0 164.33333 
1110100
209.0 214.0 209.66667 211.33333 211.0 213.0 214.33333 214.66667 210.66667 211.0 
211.66667 211.66667 213.33333 215.0 212.66667 213.33333 213.33333 213.33333 210.33333 212.0 
216.0 217.0 222.0 222.33333 220.0 217.0 213.33333 211.33333 208.66667 209.0 
217.0 218.0 220.66667 220.66667 221.66667 218.33333 214.66667 211.66667 209.0 208.66667 
221.33333 221.0 219.33333 218.66667 216.66667 215.66667 214.33333 213.33333 211.66667 211.0 
221.33333 220.66667 218.0 216.66667 218.0 216.66667 216.0 215.33333 213.66667 213.0 
219.66667 218.66667 215.66667 214.33333 215.33333 215.33333 215.0 214.66667 212.66667 212.33333 
217.0 215.33333 212.33333 211.33333 209.66667 210.0 210.33333 210.33333 208.0 208.33333 
214.66667 213.0 209.0 207.66667 205.33333 206.0 206.66667 207.0 205.66667 204.66667 
213.33333 211.33333 206.0 204.33333 204.33333 205.33333 206.33333 207.0 206.0 205.33333 
1110101
119.833336 156.83333 142.5 130.66667 154.33333 177.5 137.5 133.16667 136.33333 108.5 
141.5 150.33333 171.5 115.833336 122.666664 169.5 147.16667 138.0 133.0 122.666664 
134.83333 156.66667 145.16667 157.66667 152.33333 147.16667 142.33333 133.5 129.5 118.166664 
152.83333 141.33333 141.66667 156.5 179.66667 159.83333 147.16667 137.0 136.83333 122.666664 
127.0 149.16667 148.66667 140.83333 183.66667 172.5 142.16667 131.83333 134.0 115.5 
125.166664 144.33333 138.5 144.16667 161.0 157.66667 163.66667 116.5 111.833336 88.5 
71.5 120.666664 103.833336 96.333336 140.33333 115.666664 150.66667 118.333336 109.166664 86.5 
97.0 93.666664 98.5 78.333336 122.5 148.0 138.66667 116.333336 126.5 87.0 
123.333336 141.16667 129.5 95.333336 84.666664 106.166664 133.83333 144.66667 94.5 87.5 
102.333336 109.666664 83.0 78.5 67.333336 70.666664 52.0 73.333336 102.5 66.5 
1110110
103.111115 123.111115 110.44444 96.666664 91.333336 89.44444 104.888885 97.333336 90.111115 62.555557 
106.666664 110.888885 85.333336 88.22222 84.55556 92.44444 105.55556 90.44444 83.0 73.888885 
96.111115 88.888885 82.22222 86.0 93.77778 92.333336 108.77778 90.888885 79.22222 72.55556 
134.11111 131.33333 121.111115 106.22222 100.77778 105.333336 117.333336 87.0 86.111115 64.77778 
130.11111 130.33333 110.55556 108.666664 99.22222 110.44444 119.888885 85.22222 82.55556 72.22222 
134.11111 136.11111 113.666664 109.77778 98.888885 107.888885 110.22222 83.55556 80.0 62.11111 
141.0 142.0 103.888885 121.77778 99.333336 103.666664 110.333336 95.111115 85.888885 55.444443 
102.0 103.0 83.0 110.44444 100.0 101.666664 102.77778 89.666664 74.77778 58.444443 
89.77778 97.333336 81.0 99.0 81.0 82.111115 94.77778 74.44444 59.555557 48.77778 
76.44444 78.77778 87.0 84.111115 75.77778 70.666664 80.111115 64.111115 62.0 52.444443 
1110111
71.666664 60.0 50.0 74.333336 76.0 90.666664 117.0 112.0 151.0 140.33333 
79.333336 41.333332 19.333334 34.0 96.666664 93.0 150.66667 158.66667 140.33333 132.0 
76.666664 44.666668 20.333334 6.3333335 59.333332 114.333336 153.33333 148.66667 125.0 160.66667 
71.333336 58.666668 28.333334 11.666667 65.666664 114.0 158.33333 144.33333 122.666664 154.66667 
80.0 53.666668 10.333333 31.333334 43.666668 96.333336 172.33333 158.33333 153.0 150.66667 
78.666664 39.333332 37.0 12.666667 47.666668 118.0 182.0 175.66667 168.66667 146.33333 
82.666664 43.666668 34.666668 13.0 33.333332 73.0 172.66667 155.33333 142.33333 158.33333 
121.666664 98.333336 25.0 38.0 43.333332 85.333336 172.66667 160.0 167.66667 176.33333 
97.333336 83.666664 20.0 61.333332 81.666664 89.0 146.66667 183.66667 186.66667 179.0 
55.0 44.666668 22.666666 32.333332 55.333332 70.666664 103.0 130.0 181.0 188.0 
1111000
80.0 76.0 67.666664 97.666664 67.0 82.0 141.33333 84.666664 55.333332 77.333336 
115.333336 100.666664 72.333336 81.0 70.666664 73.0 134.66667 36.0 42.666668 76.0 
112.0 88.0 45.0 102.666664 73.0 75.333336 91.0 46.0 56.0 63.333332 
98.333336 75.666664 42.333332 90.666664 59.0 60.666668 56.0 44.0 46.333332 51.666668 
109.666664 63.0 52.333332 45.333332 43.666668 55.666668 28.666666 36.0 46.666668 44.0 
75.666664 61.666668 77.0 45.666668 76.333336 83.666664 69.0 70.666664 39.0 44.333332 
53.0 71.333336 49.666668 58.333332 40.333332 53.0 59.666668 56.666668 50.333332 38.0 
34.666668 61.0 44.666668 50.0 42.666668 63.666668 45.0 38.666668 40.0 71.0 
55.0 71.0 52.333332 63.333332 57.333332 92.666664 52.666668 113.0 51.0 89.0 
60.0 73.333336 44.666668 55.333332 47.666668 85.666664 103.333336 126.0 61.333332 82.0 
1111001
188.6 179.6 146.4 201.2 210.6 178.6 166.8 187.8 176.0 116.6 
164.8 191.4 181.2 182.6 193.0 188.2 163.2 189.6 186.4 113.6 
150.2 154.4 155.0 192.0 185.6 166.8 184.4 184.2 167.8 138.2 
142.0 172.6 184.2 175.2 179.6 167.4 170.4 173.0 179.4 91.0 
183.6 177.6 200.4 172.0 181.8 188.8 164.6 165.8 151.6 115.4 
169.0 166.0 177.6 180.8 177.4 121.8 169.4 162.8 173.2 143.6 
186.6 160.8 181.0 188.0 164.2 157.6 126.8 150.8 151.4 112.0 
196.6 208.8 170.4 158.0 153.2 146.0 163.0 156.8 134.2 100.0 
202.4 207.2 186.2 164.6 145.4 150.6 186.6 154.6 136.6 90.8 
190.2 186.8 201.6 173.0 165.0 138.4 134.4 119.2 125.8 78.0 
1111010
156.5 146.0 156.0 144.0 135.5 113.0 135.0 119.5 173.5 166.0 
119.0 145.0 158.5 174.0 168.0 97.5 132.0 98.5 150.0 134.0 
160.0 196.0 214.5 191.0 182.0 192.5 123.0 145.5 130.0 107.0 
130.5 169.5 185.5 171.0 167.0 195.0 125.5 135.5 179.0 147.5 
113.5 128.5 197.5 237.0 140.0 197.0 146.0 126.5 154.0 152.0 
151.0 195.5 191.5 189.0 189.0 88.5 142.5 169.5 81.5 124.0 
125.5 188.5 216.0 203.5 231.5 178.5 107.5 196.0 146.0 159.0 
152.0 154.5 190.5 196.5 193.0 184.0 118.5 132.5 166.5 182.5 
199.5 186.0 162.0 152.5 209.5 184.0 166.0 157.5 119.5 202.5 
191.0 156.0 178.5 158.5 168.0 186.0 158.5 165.5 122.5 158.5 
1111011
9.0 8.0 64.0 84.0 126.0 105.0 19.0 9.0 4.0 16.0 
31.0 28.0 127.0 155.0 76.0 47.0 27.0 17.0 8.0 11.0 
41.0 16.0 89.0 112.0 33.0 58.0 18.0 11.0 5.0 4.0 
0.0 2.0 54.0 53.0 21.0 23.0 83.0 81.0 78.0 75.0 
25.0 51.0 50.0 40.0 52.0 45.0 47.0 46.0 42.0 35.0 
33.0 43.0 48.0 89.0 79.0 64.0 60.0 61.0 60.0 57.0 
34.0 22.0 13.0 67.0 57.0 76.0 58.0 58.0 59.0 61.0 
2.0 0.0 18.0 81.0 77.0 91.0 78.0 74.0 70.0 69.0 
37.0 56.0 73.0 80.0 76.0 69.0 74.0 83.0 87.0 78.0 
86.0 78.0 62.0 57.0 71.0 87.0 75.0 39.0 12.0 33.0 
1111100
126.0 132.2 142.8 145.2 163.4 157.2 165.0 165.6 176.2 176.8 
142.2 147.4 135.8 125.4 148.2 147.2 147.8 173.6 203.4 198.4 
147.4 147.4 157.8 153.8 159.6 158.2 177.8 182.4 190.0 203.8 
144.2 154.0 168.6 168.0 169.2 162.0 181.0 192.2 199.4 182.8 
175.4 150.8 158.4 169.2 165.6 181.4 183.8 181.0 178.4 191.0 
142.8 142.2 158.4 150.8 156.4 170.6 184.6 187.0 192.8 199.6 
147.0 148.4 153.6 153.0 166.2 167.4 174.0 174.6 188.8 192.4 
137.4 121.6 125.8 164.0 162.8 168.2 171.0 196.0 203.4 190.6 
126.8 124.0 154.2 138.0 165.6 160.6 151.6 175.2 200.6 195.4 
131.2 115.0 149.8 145.0 174.4 161.6 174.6 170.0 176.2 195.2 
1111101
86.333336 64.666664 61.333332 81.0 36.0 46.666668 60.333332 129.33333 116.0 107.0 
96.333336 74.333336 37.666668 90.666664 49.666668 44.0 85.0 162.66667 129.66667 100.0 
69.0 44.666668 42.666668 68.666664 29.666666 40.0 60.333332 147.0 96.666664 107.333336 
65.333336 48.333332 77.333336 100.0 53.0 76.333336 96.333336 179.66667 104.333336 114.333336 
40.0 52.666668 38.333332 58.333332 39.666668 52.0 104.333336 162.0 103.0 128.33333 
45.333332 67.666664 69.333336 61.333332 55.333332 63.0 148.66667 187.0 137.33333 146.33333 
60.333332 82.666664 54.333332 40.666668 30.666666 31.0 88.0 158.0 103.333336 97.666664 
49.333332 87.0 45.333332 36.0 38.666668 52.333332 76.0 152.0 130.0 91.333336 
45.0 98.666664 66.666664 39.0 51.0 51.0 70.0 140.66667 115.0 71.666664 
62.333332 92.333336 58.666668 38.333332 46.0 51.666668 65.0 130.0 74.333336 47.333332 
1111110
34.666668 22.5 23.333334 40.166668 30.833334 17.5 19.833334 18.666666 39.0 50.833332 
31.5 23.0 30.666666 33.0 31.333334 26.666666 23.666666 17.0 34.333332 58.5 
40.0 24.333334 24.0 30.666666 44.5 32.333332 28.0 35.666668 46.5 66.166664 
51.333332 36.333332 40.5 48.333332 49.5 47.166668 49.5 45.166668 81.166664 105.333336 
64.0 52.0 52.833332 57.5 58.0 64.833336 56.0 42.833332 85.333336 94.833336 
76.333336 72.166664 63.666668 63.333332 76.0 56.0 65.333336 58.0 94.5 98.333336 
54.833332 63.5 67.5 56.0 67.666664 66.5 80.666664 87.833336 96.166664 124.5 
75.0 52.0 69.666664 78.0 79.0 61.166668 71.333336 95.0 115.166664 140.83333 
87.166664 52.666668 57.5 51.833332 54.833332 60.833332 67.833336 73.166664 81.833336 92.333336 
63.5 46.666668 64.666664 53.5 70.666664 66.0 51.333332 53.0 83.666664 82.666664